    CK21P040* C2021 08 10.53716801 06 54.69 +55 52 13.6          19.44oV#06FWT05
    CK21P040  C2021 08 10.53899701 06 54.55 +55 52 16.7          19.23oV#06FWT05
    CK21P040  C2021 08 10.54174201 06 54.48 +55 52 18.5          19.25oV#06FWT05
    CK21P040  C2021 08 10.55110201 06 54.31 +55 52 25.0          19.34oV#06FWT05
    CK21P040  C2021 08 10.56350501 06 54.06 +55 52 33.3          19.36oV#06FWT05
    CK21P040 KC2021 08 11.00166901 06 44.91 +55 57 34.4          19.3 GX#06FWL01
    CK21P040 KC2021 08 11.00562401 06 44.80 +55 57 37.1          19.3 GX#06FWL01
    CK21P040 KC2021 08 11.00958701 06 44.71 +55 57 40.1          19.2 GX#06FWL01
    CK21P040 KC2021 08 11.01356101 06 44.62 +55 57 42.5          19.2 GX#06FWL01
    CK21P040 2C2021 08 11.19888301 06 40.578+55 59 50.86         19.1 GV#06FWJ04
    CK21P040 2C2021 08 11.20467901 06 40.424+55 59 54.86         19.4 GV#06FWJ04
    CK21P040 2C2021 08 11.20578201 06 40.400+55 59 55.66         19.4 GV#06FWJ04
    CK21P040 2C2021 08 11.20687901 06 40.371+55 59 56.37         19.5 GV#06FWJ04
    CK21P040 KC2021 08 11.85153 01 06 26.13 +56 07 17.2          19.0 GV#06FWA17
    CK21P040 KC2021 08 11.86375 01 06 25.80 +56 07 25.5          19.5 GV#06FWA17
    CK21P040 KC2021 08 11.87589 01 06 25.58 +56 07 33.7          19.5 GV#06FWA17
    CK21P040  C2021 08 11.89855 01 06 25.07 +56 07 49.2          19.1 GV#06FWB72
    CK21P040 KC2021 08 11.90639901 06 25.07 +56 07 54.7          19.4 GV#06FWK78
    CK21P040 KC2021 08 11.90696 01 06 24.91 +56 07 55.5          19.5 GV#06FWB72
    CK21P040 KC2021 08 11.90905 01 06 24.84 +56 07 56.7          19.7 GV#06FWB72
    CK21P040 KC2021 08 11.93661901 06 24.24 +56 08 16.1          19.3 GV#06FWK78
    CK21P040 KC2021 08 11.94005 01 06 24.17 +56 08 18.3          19.8 GV#06FWB72
    CK21P040 KC2021 08 11.95633201 06 23.74 +56 08 29.5          19.2 GV#06FWK78
    CK21P040 KC2021 08 11.96523901 06 23.55 +56 08 35.7          19.4 GV#06FW203
    CK21P040 KC2021 08 11.98296801 06 23.05 +56 08 48.0          19.3 GV#06FWK80
    CK21P040 KC2021 08 11.98311601 06 23.11 +56 08 48.1          19.3 GV#06FW203
    CK21P040 KC2021 08 12.00278301 06 22.61 +56 09 02.0          19.6 GV#06FW203
    CK21P040 KC2021 08 12.05043601 06 21.45 +56 09 34.8          19.7 GV#06FWK80
    CK21P040  C2021 08 12.05765201 06 21.34 +56 09 39.4          20.0 GV#06FWL01
    CK21P040  C2021 08 12.05843801 06 21.22 +56 09 40.3          20.0 GV#06FWL01
    CK21P040  C2021 08 12.05921301 06 21.23 +56 09 40.7          20.0 GV#06FWL01
    CK21P040  C2021 08 12.32102 01 06 15.33 +56 12 40.3          21.0 RV#06FWU83
    CK21P040  C2021 08 12.32250 01 06 15.33 +56 12 42.0          20.9 RV#06FWU83
    CK21P040  C2021 08 12.32844 01 06 15.10 +56 12 46.2          20.7 RV#06FWU83
    CK21P040 KC2021 08 12.32970901 06 14.95 +56 12 46.2          19.9 Vu#06FWH21
    CK21P040 KC2021 08 12.33250301 06 14.88 +56 12 48.3          19.3 Vu#06FWH21
    CK21P040 KC2021 08 12.33530101 06 14.80 +56 12 50.2          19.4 Vu#06FXH21
    CK21P040 1C2021 08 12.82929 01 06 02.94 +56 18 26.7          20.2 VV#06FX033
    CK21P040 1C2021 08 12.82957 01 06 02.98 +56 18 26.9          20.3 VV#06FX033
    CK21P040 1C2021 08 12.82986 01 06 02.96 +56 18 27.3          20.3 VV#06FX033
    CK21P040 1C2021 08 12.83045 01 06 02.99 +56 18 27.8          20.2 VV#06FX033
    CK21P040 KC2021 08 12.89883 01 06 01.37 +56 19 14.7          19.0 GV#06FXB72
    CK21P040 KC2021 08 12.94656201 06 00.11 +56 19 47.6          19.9 GV#06FXZ99
    CK21P040 KC2021 08 12.95264101 05 59.92 +56 19 51.2          19.8 GV#06FXZ99
    CK21P040 KC2021 08 12.95770401 05 59.84 +56 19 54.6          20.0 GV#06FXZ99
    CK21P040 KC2021 08 12.96736301 05 59.56 +56 20 02.2          19.3 GV#06FXK80
    CK21P040 KC2021 08 12.97065 01 05 59.45 +56 20 05.0          20.1 GV#06FXB72
    CK21P040 KC2021 08 12.97380 01 05 59.29 +56 20 05.6          19.7 GV#06FXB72
    CK21P040 KC2021 08 12.98020201 05 59.25 +56 20 10.7          18.6 GV#06FXK80
    CK21P040 KC2021 08 12.99334001 05 58.92 +56 20 19.9          19.7 GV#06FXK80
    CK21P040 KC2021 08 13.00646001 05 58.58 +56 20 28.6          19.2 GV#06FXK80
    CK21P040 KC2021 08 13.01955701 05 58.22 +56 20 37.8          19.1 GV#06FXK80
    CK21P040 KC2021 08 13.05833 01 05 57.26 +56 21 03.9          19.6 GV#06FXK87
    CK21P040 KC2021 08 13.07297 01 05 56.93 +56 21 14.8          20.3 GV#06FXK87
    CK21P040 KC2021 08 13.07388301 05 56.79 +56 21 15.1          19.3 GV#06FXK80
    CK21P040 KC2021 08 13.08672501 05 56.48 +56 21 23.5          19.9 GV#06FXK80
    CK21P040 KC2021 08 13.08762 01 05 56.54 +56 21 24.9          20.0 GV#06FXK87
    CK21P040 KC2021 08 13.87178 01 05 36.51 +56 30 18.3          19.8 Rq#06FXC10
    CK21P040 KC2021 08 13.89683 01 05 36.09 +56 30 36.8          19.8 Rq#06FXC10
    CK21P040 KC2021 08 13.91570 01 05 35.19 +56 30 47.3          20.2 TV#06FXB96
    CK21P040 KC2021 08 13.92144 01 05 35.37 +56 30 53.7          19.7 Rq#06FXC10
    CK21P040 KC2021 08 13.94528 01 05 34.41 +56 31 09.0          20.3 TV#06FXB96
    CK21P040 KC2021 08 13.94942 01 05 34.35 +56 31 11.5          19.3 Vq#06FXC77
    CK21P040 KC2021 08 13.94982401 05 34.37 +56 31 12.5          19.3 GV#06FXL06
    CK21P040 KC2021 08 13.95333901 05 34.27 +56 31 14.9          19.3 GV#06FXL06
    CK21P040 KC2021 08 13.95514 01 05 34.19 +56 31 14.8          20.1 TV#06FXB96
    CK21P040 KC2021 08 13.95825901 05 34.17 +56 31 18.2          19.5 GV#06FXL06
    CK21P040 KC2021 08 13.96126 01 05 34.02 +56 31 20.1          19.2 Vq#06FXC77
    CK21P040 KC2021 08 13.99627 01 05 33.07 +56 31 44.2          19.2 Rq#06FX104
    CK21P040 KC2021 08 14.00379 01 05 32.89 +56 31 49.4          19.1 Rq#06FX104
    CK21P040 KC2021 08 14.01141201 05 32.66 +56 31 54.7          19.5 GV#06FXL06
    CK21P040 2C2021 08 14.11148 01 05 30.04 +56 33 03.2          19.4 GV#06FXG40
    CK21P040 2C2021 08 14.12171 01 05 29.80 +56 33 10.3          19.6 GV#06FXG40
    CK21P040 1C2021 08 14.83659 01 05 10.29 +56 41 14.8          20.1 VV#06FX033
    CK21P040 1C2021 08 14.83727 01 05 10.18 +56 41 15.1          19.9 VV#06FX033
    CK21P040 1C2021 08 14.83835 01 05 10.20 +56 41 15.8          20.2 VV#06FX033
    CK21P040 1C2021 08 14.83967 01 05 10.16 +56 41 16.9          20.2 VV#06FX033
    CK21P040 KC2021 08 14.94267 01 05 07.36 +56 42 27.4          18.7 RV#06FXC82
    CK21P040 KC2021 08 14.95012 01 05 07.03 +56 42 32.3          19.7 GV#06FXC43
    CK21P040 KC2021 08 14.95475 01 05 06.93 +56 42 35.6          19.1 RV#06FXC82
    CK21P040 KC2021 08 14.95662 01 05 06.76 +56 42 36.8          19.4 GV#06FXC43
    CK21P040 KC2021 08 14.95832 01 05 06.75 +56 42 38.0          19.4 GV#06FX204
    CK21P040 KC2021 08 14.96313 01 05 06.61 +56 42 40.7          19.3 GV#06FXC43
    CK21P040 KC2021 08 14.96584 01 05 06.60 +56 42 43.1                V#06FX204
    CK21P040 KC2021 08 14.97018 01 05 06.44 +56 42 45.4          19.6 GV#06FXC43
    CK21P040 KC2021 08 14.97336 01 05 06.38 +56 42 48.4                V#06FX204
    CK21P040 KC2021 08 14.99135 01 05 05.85 +56 43 00.8          19.5 GV#06FXC47
    CK21P040 KC2021 08 15.01570 01 05 05.11 +56 43 17.2          19.5 GV#06FXC47
    CK21P040 KC2021 08 15.03410 01 05 04.59 +56 43 30.0          18.4 RV#06FXK51
    CK21P040 KC2021 08 15.04124 01 05 04.38 +56 43 34.9          18.6 RV#06FXK51
    CK21P040 KC2021 08 15.04838 01 05 04.15 +56 43 39.5          18.5 RV#06FXK51
    CK21P040 KC2021 08 15.05329 01 05 04.00 +56 43 42.7          19.4 GV#06FXK87
    CK21P040 KC2021 08 15.05988 01 05 03.81 +56 43 47.4          19.5 GV#06FXK87
    CK21P040 1C2021 08 15.11133 01 05 02.35 +56 44 22.4          20.0 VV#06FX033
    CK21P040 1C2021 08 15.11161 01 05 02.31 +56 44 22.6          20.2 VV#06FX033
    CK21P040 1C2021 08 15.11190 01 05 02.29 +56 44 22.7          20.1 VV#06FX033
    CK21P040 1C2021 08 15.11221 01 05 02.31 +56 44 23.0          20.4 VV#06FX033
    CK21P040 KC2021 08 15.91324 01 04 39.04 +56 53 24.4          19.0 RV#06FXC82
    CK21P040 KC2021 08 15.92861 01 04 38.70 +56 53 36.1          19.0 RV#06FXC82
    CK21P040 KC2021 08 15.96265 01 04 37.50 +56 53 58.1          18.8 GX#06FXZ41
    CK21P040 KC2021 08 15.99659 01 04 36.48 +56 54 20.6          18.9 GX#06FXZ41
    CK21P040 KC2021 08 16.03039 01 04 35.41 +56 54 44.6          18.8 GX#06FXZ41
    CK21P040 1C2021 08 16.11021 01 04 32.94 +56 55 38.7          20.5 VV#06FX033
    CK21P040 1C2021 08 16.11050 01 04 32.91 +56 55 38.9          20.8 VV#06FX033
    CK21P040  C2021 08 16.53495601 04 19.91 +57 00 26.5          19.57cV#06FXT08
    CK21P040  C2021 08 16.55593001 04 19.23 +57 00 39.9          19.74cV#06FXT08
    CK21P040  C2021 08 16.55880601 04 19.11 +57 00 42.1          19.48cV#06FXT08
    CK21P040  C2021 08 16.58388701 04 18.18 +57 00 58.4          19.60cV#06FXT08
    CK21P040 IC2021 08 16.87852001 04 09.14 +57 04 14.8                V#06FXJ95
    CK21P040 KC2021 08 16.88628501 04 08.92 +57 04 20.1          19.4 GV#06FXJ95
    CK21P040 KC2021 08 16.90116601 04 08.46 +57 04 30.7          19.2 GV#06FXJ95
    CK21P040 IC2021 08 16.90850001 04 08.24 +57 04 35.3                V#06FXJ95
    CK21P040 ,C2021 08 17.62624201 03 44.74 +57 12 40.1          20.5 GV#06FXF65
    CK21P040 ,C2021 08 17.62815401 03 44.67 +57 12 41.4          20.4 GV#06FXF65
    CK21P040 ,C2021 08 17.63006601 03 44.57 +57 12 42.4          20.6 GV#06FXF65
    CK21P040 ,C2021 08 17.63197901 03 44.56 +57 12 43.7          20.4 GV#06FXF65
    CK21P040 KC2021 08 17.96262701 03 33.69 +57 16 23.4          19.2 GV#06FXB49
    CK21P040 KC2021 08 17.96601901 03 33.57 +57 16 25.9          19.2 GV#06FXB49
    CK21P040 KC2021 08 17.96780101 03 33.51 +57 16 27.2          19.1 GV#06FXB49
    CK21P040 6C2021 08 18.16045 01 03 26.79 +57 18 36.9                V#06FXI89
    CK21P040 6C2021 08 18.16796 01 03 26.53 +57 18 41.8          19.0 GV#06FXI89
    CK21P040 KC2021 08 18.61083 01 03 11.58 +57 23 37.8          17.6 Tq#06FXQ21
    CK21P040 KC2021 08 18.61293 01 03 09.88 +57 23 49.9          19.7 Vq#06FXQ21
    CK21P040 KC2021 08 18.61556 01 03 11.45 +57 23 43.6          18.1 Tq#06FXQ21
    CK21P040 KC2021 08 18.62343 01 03 10.95 +57 23 44.8          18.5 Vq#06FXQ21
    CK21P040 KC2021 08 18.85430 01 03 02.82 +57 26 18.7          19.1 GX#06FXK78
    CK21P040 KC2021 08 18.86355 01 03 02.48 +57 26 24.7          19.1 GX#06FXK78
    CK21P040 KC2021 08 18.87301 01 03 02.24 +57 26 31.0          19.2 GX#06FXK78
    CK21P040 KC2021 08 18.89203 01 03 01.40 +57 26 44.2          19.8 Rq#06FXL27
    CK21P040 KC2021 08 18.93910 01 02 59.95 +57 27 16.7          19.9 Rq#06FXL27
    CK21P040 KC2021 08 18.98616 01 02 58.10 +57 27 47.2          19.8 Rq#06FXL27
    CK21P040 KC2021 08 19.72318 01 02 31.21 +57 35 57.1          19.2 Vq#06FXQ21
    CK21P040 KC2021 08 19.73368 01 02 30.76 +57 36 04.8          19.2 Vq#06FXQ21
    CK21P040 KC2021 08 19.87304801 02 25.73 +57 37 36.1          19.3 GX#06FX595
    CK21P040 KC2021 08 19.89068401 02 24.97 +57 37 47.8          19.6 GX#06FX595
    CK21P040 KC2021 08 19.90832101 02 24.41 +57 37 59.3          19.2 GX#06FX595
    CK21P040 KC2021 08 19.92634301 02 23.63 +57 38 11.6          19.2 GX#06FX595
    CK21P040 KC2021 08 19.93005801 02 23.52 +57 38 13.8          19.5 GV#06FXJ95
    CK21P040 KV2021 08 19.93051 01 02 23.54 +57 38 13.9          19.3 GV#06FX247
    CK21P040  v2021 08 19.93051 1 009.1183   +44.7719     493           #06FX247
    CK21P040 KV2021 08 19.94293 01 02 23.06 +57 38 22.0          18.9 GV#06FX247
    CK21P040  v2021 08 19.94293 1 009.1183   +44.7719     493           #06FX247
    CK21P040 KC2021 08 19.97762801 02 21.78 +57 38 45.5          19.4 GV#06FXJ95
    CK21P040 KC2021 08 19.99723101 02 21.01 +57 38 58.6          19.4 GV#06FXJ95
    CK21P040 KC2021 08 20.13203 01 02 15.75 +57 40 29.2          19.1 Vv#06FYA77
    CK21P040 KC2021 08 20.14015 01 02 15.39 +57 40 34.4          19.0 Vv#06FYA77
    CK21P040 9C2021 08 20.14461 01 02 15.39 +57 40 37.1          19.2 GV#06FYG40
    CK21P040 KC2021 08 20.14826 01 02 15.06 +57 40 40.0          19.0 Vv#06FYA77
    CK21P040 9C2021 08 20.21404 01 02 12.64 +57 41 22.7          19.9 GV#06FYG40
    CK21P040 KC2021 08 20.26675701 02 10.79 +57 41 57.3          19.5 Vu#06FYH21
    CK21P040 KC2021 08 20.27235001 02 10.54 +57 42 01.2          19.3 Vu#06FYH21
    CK21P040 KC2021 08 20.27794501 02 10.33 +57 42 04.9          19.3 Vu#06FYH21
    CK21P040 KC2021 08 20.28344701 02 10.12 +57 42 08.5          19.2 Vu#06FYH21
    CK21P040 KC2021 08 20.81975701 01 49.41 +57 48 01.1          18.6 GV#06FYG34
    CK21P040 KC2021 08 20.83664201 01 48.76 +57 48 11.2          18.8 GV#06FYG34
    CK21P040 KC2021 08 21.00441601 01 42.04 +57 50 03.3          19.9 GV#06FYK38
    CK21P040 HC2021 08 21.02682 01 01 41.17 +57 50 18.4          19   TV#06FY204
    CK21P040 KC2021 08 21.03535501 01 40.83 +57 50 24.0          19.2 GV#06FYK38
    CK21P040 HC2021 08 21.03838 01 01 40.66 +57 50 26.1                V#06FY204
    CK21P040 KC2021 08 21.04505 01 01 40.43 +57 50 30.4          19.2 GV#06FYA17
    CK21P040 KC2021 08 21.05942001 01 39.77 +57 50 40.1          19.3 GV#06FYK38
    CK21P040 KC2021 08 21.06965 01 01 39.44 +57 50 46.6          19.2 GV#06FYA17
    CK21P040 KC2021 08 21.09330 01 01 38.46 +57 51 02.3          19.2 GV#06FYA17
    CK21P040 KC2021 08 29.65154 00 54 42.39 +59 21 43.4          18.7 Tq#06FYQ11
    CK21P040 KC2021 08 29.65720 00 54 42.06 +59 21 46.7                q#06FYQ11
    CK21P040 KC2021 08 29.66321 00 54 41.70 +59 21 50.3                q#06FYQ11
    CK21P040 KC2021 09 02.01080 00 51 15.73 +59 55 08.1                q#06FY215
    CK21P040 KC2021 09 02.01235 00 51 15.62 +59 55 09.3          20.0 Tq#06FY215
    CK21P040 KC2021 09 02.01390 00 51 15.60 +59 55 09.5          19.4 Tq#06FY215
    CK21P040 1C2021 09 02.46310200 50 45.80 +59 59 31.6                L#06FY658
    CK21P040 1C2021 09 02.46755800 50 45.51 +59 59 34.3                L#06FY658
    CK21P040 1C2021 09 02.47202500 50 45.21 +59 59 36.7                L#06FY658
    CK21P040 1C2021 09 02.47649300 50 44.90 +59 59 39.5                L#06FY658
    CK21P040 1C2021 09 02.48094900 50 44.59 +59 59 42.2                L#06FY658
    CK21P040  C2021 09 02.90750 00 50 16.33 +60 03 47.6          19.9 Tq#06FYK77
    CK21P040  C2021 09 02.91810 00 50 15.52 +60 03 53.9          19.7 Tq#06FYK77
    CK21P040 KC2021 09 03.01140000 50 09.18 +60 04 48.3          20.0 TV#06FYK80
    CK21P040 KC2021 09 03.03844700 50 07.34 +60 05 03.6          19.2 TV#06FYK80
    CK21P040 KC2021 09 03.11104500 50 02.30 +60 05 45.3          19.6 TV#06FYK80
    CK21P040 _C2021 09 03.49756700 49 36.069+60 09 28.19         19.9 TV#06FY568
    CK21P040 _C2021 09 03.49842700 49 36.008+60 09 28.66         19.9 TV#06FY568
    CK21P040 KC2021 09 05.83755 00 46 49.15 +60 31 15.5          18.3 Nq#06FY157
    CK21P040 KC2021 09 05.85384 00 46 47.98 +60 31 25.4          18.4 Nq#06FY157
    CK21P040  C2021 09 07.52971900 44 40.36 +60 46 29.9          18.98cV#06FYT05
    CK21P040  C2021 09 07.55906300 44 37.94 +60 46 46.8          19.37cV#06FYT05
    CK21P040  C2021 09 07.56235200 44 37.54 +60 46 48.5          19.30cV#06FYT05
    CK21P040  C2021 09 07.57219200 44 36.81 +60 46 52.9          19.49cV#06FYT05
    CK21P040 KC2021 09 07.86980 00 44 13.94 +60 49 29.2          20.1 Tq#06FYK77
    CK21P040  C2021 09 07.88745 00 44 12.37 +60 49 37.9          19.4 Tq#06FYK77
    CK21P040 KC2021 09 08.85045 00 42 55.33 +60 57 59.2          18.2 TV#06FYC23
    CK21P040 KC2021 09 08.85478 00 42 55.16 +60 58 02.7          18.5 TV#06FYC23
    CK21P040 KC2021 09 08.85983 00 42 54.85 +60 58 05.2          18.4 TV#06FYC23
    CK21P040  C2021 09 10.03554 00 41 17.52 +61 08 03.1          18.5 Tu#06FYA98
    CK21P040  C2021 09 10.03767 00 41 17.33 +61 08 05.4          18.7 Tu#06FYA98
    CK21P040  C2021 09 10.03979 00 41 17.10 +61 08 05.7          18.4 Tu#06FYA98
    CK21P040  C2021 09 10.04404 00 41 16.69 +61 08 09.6          18.1 Tu#06FYA98
    CK21P040  C2021 09 10.04617 00 41 16.61 +61 08 10.6          18.4 Tu#06FYA98
    CK21P040  C2021 09 10.05041 00 41 16.31 +61 08 12.6          18.2 Tu#06FYA98
    CK21P040  C2021 09 10.05254 00 41 16.08 +61 08 13.6          18.3 Tu#06FYA98
    CK21P040  C2021 09 10.05466 00 41 15.92 +61 08 14.4          18.5 Tu#06FYA98
    CK21P040  C2021 09 10.05679 00 41 15.63 +61 08 15.2          18.7 Tu#06FYA98
    CK21P040  C2021 09 11.43553700 39 18.42 +61 19 37.0          19.35cV#06FYT05
    CK21P040  C2021 09 11.43828000 39 18.02 +61 19 38.8          19.19cV#06FYT05
    CK21P040  C2021 09 11.44294000 39 17.66 +61 19 40.0          19.07cV#06FYT05
    CK21P040  C2021 09 11.44845200 39 17.14 +61 19 44.1          19.50cV#06FYT05
    CK21P040  C2021 09 12.87994 00 37 10.52 +61 31 04.5          19.3 Nq#06FYK77
    CK21P040  C2021 09 12.88390 00 37 09.82 +61 31 07.2          18.3 Tt#06FYA98
    CK21P040  C2021 09 12.88839 00 37 09.75 +61 31 08.4          19.4 Nq#06FYK77
    CK21P040  C2021 09 12.89093 00 37 09.23 +61 31 09.1          17.8 Tt#06FYA98
    CK21P040  C2021 09 12.89795 00 37 08.51 +61 31 12.9          18.0 Tt#06FYA98
    CK21P040  C2021 09 12.91552 00 37 06.69 +61 31 19.1          18.2 Tt#06FYA98
    CK21P040 1C2021 09 13.42546300 36 20.80 +61 35 17.6                L#06FY658
    CK21P040 1C2021 09 13.42769700 36 20.58 +61 35 18.7                L#06FY658
    CK21P040 1C2021 09 13.42991900 36 20.36 +61 35 19.7                L#06FY658
    CK21P040 1C2021 09 13.43215300 36 20.14 +61 35 20.7                L#06FY658
    CK21P040 1C2021 09 13.43549800 36 19.83 +61 35 22.4                L#06FY658
    CK21P040 KC2021 09 15.93235 00 32 25.08 +61 53 47.4          19.3 TV#06FY970
    CK21P040 KC2021 09 15.93652 00 32 24.67 +61 53 49.3          18.2 TV#06FY970
    CK21P040 KC2021 09 21.94005 00 22 06.08 +62 31 48.9          18.6 TV#06Zp970
    CK21P040 KC2021 09 21.94922 00 22 05.02 +62 31 52.0          17.8 TV#06Zp970
    CK21P040 KC2021 09 22.84118 00 20 27.32 +62 36 40.3          18.9 Tq#06ZpC10
    CK21P040 KC2021 09 22.84905 00 20 26.44 +62 36 43.2          19.3 Tq#06ZpC10
    CK21P040 KC2021 09 22.85691 00 20 25.58 +62 36 45.2          18.9 Tq#06ZpC10
    CK21P040  C2021 09 25.52307000 15 24.08 +62 49 46.7          18.37oV#06ZpT08
    CK21P040  C2021 09 25.52721500 15 23.62 +62 49 49.2          18.38oV#06ZpT08
    CK21P040  C2021 09 25.53504600 15 22.65 +62 49 50.2          18.39oV#06ZpT08
    CK21P040  C2021 09 25.54797800 15 21.19 +62 49 52.9          18.32oV#06ZpT08
    CK21P040  C2021 09 27.45643600 11 38.69 +62 57 53.3          18.36oV#06ZpT05
    CK21P040  C2021 09 27.45918900 11 38.40 +62 57 53.2          18.56oV#06ZpT05
    CK21P040  C2021 09 27.45964500 11 38.24 +62 57 53.3          18.48oV#06ZpT05
    CK21P040  C2021 09 27.46239100 11 38.04 +62 57 53.6          17.86oV#06ZpT05
    CK21P040  C2021 09 27.47889400 11 36.01 +62 57 58.3          18.58oV#06ZpT05
    CK21P040 KC2021 09 29.87640 00 06 49.06 +63 06 19.3          18.5 TV#06Zp970
    CK21P040 KC2021 09 29.88059 00 06 48.56 +63 06 19.9          20.0 TV#06Zp970
    CK21P040 KC2021 09 30.84252900 04 51.30 +63 09 09.6          19.0 TV#06ZpL59
    CK21P040 KC2021 09 30.85748100 04 49.56 +63 09 12.5          19.2 TV#06ZpL59
    CK21P040 KC2021 09 30.86733300 04 48.30 +63 09 14.0          19.0 TV#06ZpL59
    CK21P040 KC2021 09 30.87357600 04 47.50 +63 09 15.2          18.2 TV#06ZpL59
    CK21P040 KC2021 09 30.89110400 04 45.32 +63 09 18.1          18.8 TV#06ZpL59
    CK21P040 KC2021 10 02.56586 00 01 18.60 +63 13 31.1          17.7 Tq#06ZpQ21
    CK21P040 KC2021 10 02.57110 00 01 18.23 +63 13 29.5          17.9 Tq#06ZpQ21
    CK21P040 _C2021 10 08.37879923 49 05.070+63 20 30.73         19.3 TV#06Zp568
    CK21P040 _C2021 10 08.37966523 49 04.964+63 20 30.73         19.3 TV#06Zp568
    CK21P040 KC2021 10 08.85266 23 48 04.82 +63 20 31.8          18.2 TV#06ZpC23
    CK21P040 KC2021 10 08.85699 23 48 04.29 +63 20 32.1          18.0 TV#06ZpC23
    CK21P040 KC2021 10 08.86132 23 48 03.73 +63 20 31.7          18.0 TV#06ZpC23
    CK21P040  C2021 10 10.54061 23 44 29.30 +63 20 04.5                q#06ZpQ11
    CK21P040  C2021 10 10.54910 23 44 28.21 +63 20 04.3                q#06ZpQ11
    CK21P040  C2021 10 10.55757 23 44 27.10 +63 20 04.2          17.6 Tq#06ZpQ11
    CK21P040  C2021 10 10.62259 23 44 18.70 +63 20 01.2          17.9 Tm#06Zp349
    CK21P040  C2021 10 10.64029 23 44 16.44 +63 20 00.8                m#06Zp349
    CK21P040  C2021 10 11.39099823 42 40.72 +63 19 26.9          17.60oV#06ZpT08
    CK21P040  C2021 10 11.39422323 42 40.38 +63 19 27.8          18.33oV#06ZpT08
    CK21P040  C2021 10 11.40022723 42 39.56 +63 19 27.3          18.44oV#06ZpT08
    CK21P040  C2021 10 11.41152623 42 38.10 +63 19 26.4          18.06oV#06ZpT08
    CK21P040 1C2021 10 12.37711823 40 35.02 +63 18 24.9                L#06Zp658
    CK21P040 1C2021 10 12.38158623 40 34.45 +63 18 24.5                L#06Zp658
    CK21P040 1C2021 10 12.38604223 40 33.88 +63 18 24.1                L#06Zp658
    CK21P040 1C2021 10 12.39050923 40 33.31 +63 18 23.8                L#06Zp658
    CK21P040 1C2021 10 12.39496523 40 32.73 +63 18 23.6                L#06Zp658
    CK21P040  C2021 10 13.40789623 38 24.12 +63 16 59.5          18.28oV#06ZpT05
    CK21P040  C2021 10 13.41111223 38 23.70 +63 16 59.0          18.17oV#06ZpT05
    CK21P040  C2021 10 13.41667123 38 23.00 +63 16 58.5          18.49oV#06ZpT05
    CK21P040  C2021 10 13.42126223 38 22.37 +63 16 57.9          18.19oV#06ZpT05
    CK21P040  C2021 10 13.42447623 38 22.00 +63 16 57.6          17.93oV#06ZpT05
    CK21P040  C2021 10 13.42723123 38 21.66 +63 16 57.4          17.98oV#06ZpT05
    CK21P040  C2021 10 13.42997523 38 21.26 +63 16 57.0          17.79oV#06ZpT05
    CK21P040  C2021 10 13.44051623 38 19.96 +63 16 56.1          18.12oV#06ZpT05
    CK21P040 KC2021 10 13.83760223 37 29.90 +63 16 15.4          18.4 TV#06ZpL59
    CK21P040 KC2021 10 13.86374023 37 26.52 +63 16 12.8          18.5 TV#06ZpL59
    CK21P040 KC2021 10 13.88702123 37 23.56 +63 16 10.5          18.6 TV#06ZpL59
    CK21P040  C2021 10 13.89400 23 37 22.56 +63 16 09.9          18.0 Tq#06ZpA77
    CK21P040  C2021 10 13.89984 23 37 21.87 +63 16 09.4          18.1 Tq#06ZpA77
    CK21P040  C2021 10 13.90564 23 37 21.25 +63 16 09.5          18.3 Tq#06ZpA77
    CK21P040  C2021 10 15.35388923 34 18.55 +63 13 15.3          18.40oV#06ZpT08
    CK21P040  C2021 10 15.35712723 34 18.03 +63 13 14.3          18.01oV#06ZpT08
    CK21P040  C2021 10 15.36270323 34 17.31 +63 13 14.1          18.24oV#06ZpT08
    CK21P040  C2021 10 15.39794723 34 12.79 +63 13 08.3          18.30oV#06ZpT08
    CK21P040  C2021 10 15.56377723 33 52.00 +63 12 46.2          18.5 Tq#06Zp900
    CK21P040  C2021 10 15.57078623 33 51.08 +63 12 45.2          18.8 Tq#06Zp900
    CK21P040  C2021 10 17.82096 23 29 10.71 +63 06 37.9          17.6 Tq#06ZpA77
    CK21P040  C2021 10 17.82582 23 29 10.09 +63 06 36.7          17.9 Tq#06ZpA77
    CK21P040  C2021 10 17.82987 23 29 09.59 +63 06 36.3          17.6 Tq#06ZpA77
    CK21P040  C2021 10 23.31666923 18 09.05 +62 44 39.5          17.88oV#06ZpT08
    CK21P040  C2021 10 23.32035523 18 08.78 +62 44 37.9          17.93oV#06ZpT08
    CK21P040  C2021 10 23.32589223 18 08.11 +62 44 35.6          17.67oV#06ZpT08
    CK21P040  C2021 10 23.33604123 18 06.78 +62 44 33.0          18.02oV#06ZpT08
    CK21P040 KC2021 10 23.76388 23 17 17.40 +62 42 23.3          18.0 Tq#06ZpC10
    CK21P040 KC2021 10 23.77590 23 17 15.99 +62 42 19.7          18.2 Tq#06ZpC10
    CK21P040 KC2021 10 23.78792 23 17 14.61 +62 42 16.0          18.0 Tq#06ZpC10
    CK21P040 KC2021 10 24.85561 23 15 11.87 +62 36 44.3          18.4 TV#06Zp213
    CK21P040 KC2021 10 24.87176 23 15 09.95 +62 36 39.5          18.6 TV#06Zp213
    CK21P040 KC2021 10 24.87965 23 15 09.03 +62 36 37.3          18.0 TV#06Zp213
    CK21P040 KC2021 10 25.85984 23 13 18.20 +62 31 12.3          17.7 TV#06Zp970
    CK21P040 KC2021 10 25.86398 23 13 17.70 +62 31 11.1          18.1 TV#06Zp970
    CK21P040  C2021 10 26.64511723 11 50.45 +62 26 40.4          18.5 Tq#06vL900
    CK21P040  C2021 10 26.65212423 11 49.70 +62 26 38.1          18.1 Tq#06vL900
    CK21P040 KC2021 10 26.99697 23 11 11.73 +62 24 34.6          17.7 TV#06ZpI81
    CK21P040 KC2021 10 27.00049 23 11 11.34 +62 24 33.3          17.8 TV#06ZpI81
    CK21P040 KC2021 10 27.00399 23 11 10.94 +62 24 32.1          17.8 TV#06ZpI81
    CK21P040  C2021 10 27.35055323 10 33.04 +62 22 27.8          17.60oV#06vLT08
    CK21P040  C2021 10 27.35378823 10 32.66 +62 22 26.6          17.75oV#06vLT08
    CK21P040  C2021 10 27.35977823 10 31.97 +62 22 24.3          17.78oV#06vLT08
    CK21P040  C2021 10 27.36992823 10 30.86 +62 22 21.0          18.09oV#06vLT08
    CK21P040 KC2021 10 27.96689 23 09 25.87 +62 18 38.0          17.7 TV#06vLC23
    CK21P040 KC2021 10 27.96977 23 09 25.55 +62 18 37.1          17.7 TV#06vLC23
    CK21P040 KC2021 10 27.97266 23 09 25.28 +62 18 36.2          17.7 TV#06vLC23
    CK21P040 KC2021 10 27.97555 23 09 24.97 +62 18 35.0          17.8 TV#06vLC23
    CK21P040  C2021 10 29.59271 23 06 32.79 +62 08 06.4          17.3 Tq#06vLQ11
    CK21P040  C2021 10 29.60190 23 06 31.82 +62 08 02.4                q#06vLQ11
    CK21P040  C2021 10 29.60968 23 06 31.02 +62 07 59.2                q#06vLQ11
    CK21P040 _C2021 10 29.97473 23 05 52.99 +62 05 31.8          17.9 TV#06vLG40
    CK21P040 _C2021 10 30.01594 23 05 48.72 +62 05 14.1          17.4 TV#06vLG40
    CK21P040 _C2021 10 30.05785 23 05 44.29 +62 04 57.2          17.7 TV#06vLG40
    CK21P040 _C2021 10 30.09258 23 05 40.70 +62 04 42.0          17.3 TV#06vLG40
    CK21P040 _C2021 10 30.12727 23 05 37.07 +62 04 27.3          17.3 TV#06vLG40
    CK21P040 KC2021 10 30.86397 23 04 21.60 +61 59 21.6          17.7 TV#06vL970
    CK21P040 KC2021 10 30.86806 23 04 21.20 +61 59 19.8          18.0 TV#06vL970
    CK21P040  C2021 10 31.32579823 03 34.79 +61 56 05.7          17.80oV#06vLT08
    CK21P040  C2021 10 31.32856723 03 34.52 +61 56 04.3          17.58oV#06vLT08
    CK21P040  C2021 10 31.33549423 03 33.76 +61 56 01.4          17.48oV#06vLT08
    CK21P040  C2021 10 31.34611423 03 32.64 +61 55 56.5          17.91oV#06vLT08
    CK21P040 KC2021 11 02.90123 22 59 22.55 +61 36 49.8          17.4 TV#06vL970
    CK21P040 KC2021 11 02.90549 22 59 22.10 +61 36 48.0          17.2 TV#06vL970
    CK21P040  C2021 11 04.33957222 57 08.65 +61 25 25.1          17.30oV#06vLT08
    CK21P040  C2021 11 04.34511522 57 08.16 +61 25 22.3          17.77oV#06vLT08
    CK21P040  C2021 11 04.34927022 57 07.86 +61 25 20.5          17.57oV#06vLT08
    CK21P040  C2021 11 04.36219422 57 06.61 +61 25 13.7          17.61oV#06vLT08
    CK21P040 KC2021 11 04.92354 22 56 15.78 +61 20 38.4          17.2 TV#06vL970
    CK21P040 KC2021 11 04.92774 22 56 15.38 +61 20 36.6          17.6 TV#06vL970
    CK21P040 KC2021 11 05.93139 22 54 46.40 +61 12 15.1          17.6 TV#06vLC23
    CK21P040 KC2021 11 05.93428 22 54 46.23 +61 12 13.3          17.6 TV#06vLC23
    CK21P040 KC2021 11 05.93861 22 54 45.80 +61 12 11.2          17.4 TV#06vLC23
    CK21P040  C2021 11 06.35410622 54 09.90 +61 08 40.8          17.98cV#06vLT05
    CK21P040  C2021 11 06.35732022 54 09.62 +61 08 39.6          18.05cV#06vLT05
    CK21P040  C2021 11 06.36375322 54 08.89 +61 08 35.7          18.22cV#06vLT05
    CK21P040  C2021 11 06.37522522 54 07.99 +61 08 30.0          17.75cV#06vLT05
    CK21P040 KC2021 11 07.72296322 52 14.53 +60 56 50.5          19.3 TZ#06vLC95
    CK21P040 KC2021 11 07.72663822 52 14.39 +60 56 48.7          18.2 TZ#06vLC95
    CK21P040 KC2021 11 07.73037022 52 14.03 +60 56 46.6          18.1 TZ#06vLC95
    CK21P040 KC2021 11 07.73401622 52 13.66 +60 56 44.9          17.4 TZ#06vLC95
    CK21P040 KC2021 11 07.73777822 52 13.36 +60 56 42.6          17.4 TZ#06vLC95
    CK21P040 KC2021 11 07.74132522 52 13.04 +60 56 40.9          17.1 TZ#06vLC95
    CK21P040  C2021 11 08.28191122 51 28.75 +60 51 56.0          17.42oV#06vLT08
    CK21P040  C2021 11 08.28514222 51 28.46 +60 51 54.4          17.44oV#06vLT08
    CK21P040  C2021 11 08.29113222 51 27.92 +60 51 50.8          17.62oV#06vMT08
    CK21P040  C2021 11 08.30127822 51 27.09 +60 51 45.0          17.35oV#06vMT08
    CK21P040  C2021 11 08.80235 22 50 46.73 +60 47 15.2          17.5 TV#06vMB96
    CK21P040  C2021 11 08.80727 22 50 46.32 +60 47 13.5          18.0 TV#06vMB96
    CK21P040  C2021 11 08.81629 22 50 45.56 +60 47 08.6          17.8 TV#06vMB96
    CK21P040  C2021 11 10.50256 22 48 34.92 +60 31 48.9          17.5 Tm#06vM349
    CK21P040  C2021 11 10.53481 22 48 32.38 +60 31 31.6                m#06vM349
    CK21P040  C2021 11 11.12285 22 47 49.01 +60 26 03.8          17.6 Tq#06vMV16
    CK21P040  C2021 11 11.12420 22 47 48.58 +60 26 04.0          17.6 Tq#06vMV16
    CK21P040  C2021 11 11.12527 22 47 48.71 +60 26 03.8          17.2 Tq#06vMV16
    CK21P040  C2021 11 11.12633 22 47 48.51 +60 26 03.9          17.5 Tq#06vMV16
    CK21P040  C2021 11 11.12741 22 47 48.27 +60 26 03.3          17.6 Tq#06vMV16
    CK21P040  C2021 11 11.12848 22 47 48.41 +60 26 01.5          17.6 Tq#06vMV16
    CK21P040  C2021 11 11.12955 22 47 48.16 +60 26 03.2          17.8 Tq#06vMV16
    CK21P040  C2021 11 11.13075 22 47 48.10 +60 25 57.6          18.8 Tq#06vMV16
    CK21P040  C2021 11 11.13216 22 47 48.09 +60 25 59.2          17.6 Tq#06vMV16
    CK21P040  C2021 11 11.13323 22 47 47.77 +60 25 58.9          17.7 Tq#06vMV16
    CK21P040  C2021 11 11.13449 22 47 47.84 +60 25 58.2          17.5 Tq#06vMV16
    CK21P040  C2021 11 11.13557 22 47 48.11 +60 25 56.4          18.0 Tq#06vMV16
    CK21P040 KC2021 11 11.76850 22 47 01.87 +60 20 01.1          18.5 Tv#06vMA77
    CK21P040 KC2021 11 11.78435 22 47 00.75 +60 19 52.0          18.6 Tv#06vMA77
    CK21P040 KC2021 11 11.79997 22 46 59.65 +60 19 43.3          18.3 Tv#06vMA77
    CK21P040 KC2021 11 11.83278 22 46 57.33 +60 19 24.3          18.1 Tq#06vMZ05
    CK21P040 KC2021 11 11.83986 22 46 56.81 +60 19 21.3          17.8 Tq#06vMZ05
    CK21P040 KC2021 11 11.84907 22 46 56.12 +60 19 16.0          17.9 Tq#06vMZ05
    CK21P040 KC2021 11 11.85843 22 46 55.43 +60 19 10.1          17.7 Tq#06vMZ05
    CK21P040 KC2021 11 11.86797 22 46 54.54 +60 19 04.2          17.7 Tq#06vMZ05
    CK21P040 KC2021 11 11.87874 22 46 53.78 +60 18 58.7          18.2 Tq#06vMZ05
    CK21P040  C2021 11 12.33316122 46 21.71 +60 14 41.1          17.33oV#06vMT08
    CK21P040  C2021 11 12.33735222 46 21.40 +60 14 39.2          17.62oV#06vMT08
    CK21P040  C2021 11 12.34289822 46 20.97 +60 14 35.0          17.33oV#06vMT08
    CK21P040  C2021 11 12.35489622 46 20.15 +60 14 28.9          17.09oV#06vMT08
    CK21P040  C2021 11 14.31612722 44 07.44 +59 55 37.8          17.95oV#06vMT05
    CK21P040  C2021 11 14.32257522 44 07.07 +59 55 33.7          17.88oV#06vMT05
    CK21P040  C2021 11 14.33266222 44 06.32 +59 55 28.0          17.82oV#06vMT05
    CK21P040 KC2021 11 17.82650 22 40 36.10 +59 20 48.4          17.6 TV#06vMC23
    CK21P040 KC2021 11 17.82938 22 40 35.93 +59 20 46.2          17.5 TV#06vMC23
    CK21P040 KC2021 11 17.83227 22 40 35.94 +59 20 43.8          17.4 TV#06vMC23
    CK21P040 KC2021 11 21.82855 22 37 15.39 +58 39 57.2          17.4 TV#06vM970
    CK21P040 KC2021 11 21.83228 22 37 15.38 +58 39 54.4          17.1 TV#06vM970
    CK21P040  C2021 11 22.33602622 36 52.89 +58 34 43.1          17.72oV#06vMT05
    CK21P040  C2021 11 22.33972522 36 52.71 +58 34 40.5          17.68oV#06vMT05
    CK21P040  C2021 11 22.34662222 36 52.44 +58 34 36.0          17.46oV#06vMT05
    CK21P040  C2021 11 22.35722122 36 51.93 +58 34 29.6          17.22oV#06vMT05
    CK21P040  C2021 11 22.73007 22 36 36.16 +58 30 37.8          17.5 TV#06vMB96
    CK21P040  C2021 11 22.73660 22 36 36.06 +58 30 31.8          18.4 TV#06vMB96
    CK21P040 KC2021 11 22.81304 22 36 32.62 +58 29 46.1          22.3 TV#06vM970
    CK21P040 KC2021 11 22.81718 22 36 32.49 +58 29 42.9          17.0 TV#06vM970
    CK21P040 KC2021 11 23.38279 22 36 09.06 +58 23 52.0          17.9 Tq#06vMQ21
    CK21P040 KC2021 11 23.38804 22 36 08.80 +58 23 50.0          18.0 Tq#06vMQ21
    CK21P040 KC2021 11 24.45456 22 35 26.68 +58 12 45.1                S#06vMD88
    CK21P040 KC2021 11 24.45786 22 35 26.62 +58 12 43.5                S#06vMD88
    CK21P040 KC2021 11 24.46113 22 35 26.63 +58 12 41.6          17.0 TS#06vMD88
    CK21P040  C2021 11 25.72798 22 34 40.63 +57 59 28.1          17.6 To#06vMA77
    CK21P040  C2021 11 25.74195 22 34 40.44 +57 59 23.6          18.0 To#06vMA77
    CK21P040 KC2021 11 26.90739 22 34 01.43 +57 47 10.6          17.6 TV#06vMZ10
    CK21P040 KC2021 11 26.91287 22 34 01.26 +57 47 07.0          17.6 TV#06vMZ10
    CK21P040 KC2021 11 26.91907 22 34 01.06 +57 47 02.5          17.6 TV#06vMZ10
    CK21P040 KC2021 11 27.62753 22 33 39.11 +57 39 39.4                q#06vMQ11
    CK21P040 KC2021 11 27.63402 22 33 38.94 +57 39 35.2                q#06vMQ11
    CK21P040 KC2021 11 27.64085 22 33 38.69 +57 39 30.8          17.1 Tq#06vMQ11
    CK21P040  C2021 11 28.29075822 33 20.10 +57 32 46.4          17.27oV#06vMT08
    CK21P040  C2021 11 28.29306122 33 20.04 +57 32 45.1          17.50oV#06vMT08
    CK21P040  C2021 11 28.29631322 33 19.91 +57 32 43.2          17.51oV#06vMT08
    CK21P040  C2021 11 28.30328322 33 19.76 +57 32 38.4          17.71oV#06vMT08
    CK21P040  C2021 11 28.30374422 33 19.69 +57 32 38.0          17.47oV#06vMT08
    CK21P040  C2021 11 28.55319022 33 12.67 +57 30 00.9          17.8 TV#06vM900
    CK21P040  C2021 11 28.56019422 33 12.41 +57 29 56.1          17.4 TV#06vM900
    CK21P040 KC2021 11 28.86640 22 33 04.10 +57 26 45.5          18.1 Tq#06vML47
    CK21P040 KC2021 11 28.86886 22 33 04.05 +57 26 44.2          17.4 Tq#06vML47
    CK21P040 KC2021 12 05.72156 22 30 59.02 +56 16 17.1          17.7 TV#06vM130
    CK21P040 KC2021 12 05.72305 22 30 58.98 +56 16 16.2          17.6 TV#06vM130
    CK21P040 KC2021 12 05.72454 22 30 58.99 +56 16 15.3          17.4 TV#06vM130
    CK21P040 KC2021 12 05.72603 22 30 58.97 +56 16 14.3          17.7 TV#06vM130
    CK21P040 KC2021 12 05.75428 22 30 58.58 +56 15 56.2          16.6 Tq#06vML47
    CK21P040 KC2021 12 05.75649 22 30 58.54 +56 15 56.5          16.6 Tq#06vML47
    CK21P040 KC2021 12 05.75870 22 30 58.52 +56 15 56.1          16.5 Tq#06vML47
    CK21P040 KC2021 12 05.76091 22 30 58.59 +56 15 55.9          16.9 Tq#06vML47
    CK21P040 KC2021 12 05.76312 22 30 58.55 +56 15 56.3          16.8 Tq#06vML47
    CK21P040 KC2021 12 05.76532 22 30 58.16 +56 15 50.1          15.6 Tq#06vML47
    CK21P040  C2021 12 08.78022 22 30 38.70 +55 45 46.2          17.3 TV#06vMC23
    CK21P040  C2021 12 08.78311 22 30 38.69 +55 45 44.6          17.3 TV#06vMC23
    CK21P040 KC2021 12 13.81395 22 30 50.11 +54 57 33.3          15.7 TV#06vM213
    CK21P040 KC2021 12 13.82220 22 30 50.12 +54 57 27.9          16.3 TV#06vM213
    CK21P040 KC2021 12 13.82909 22 30 50.37 +54 57 24.0          16.0 TV#06vM213
    CK21P040  C2021 12 14.28457222 30 53.85 +54 53 12.0          17.38oV#06vMT08
    CK21P040  C2021 12 14.29290222 30 53.92 +54 53 07.1          17.31oV#06vMT08
    CK21P040  C2021 12 14.30489622 30 53.98 +54 53 00.1          17.40oV#06vMT08
    CK21P040  C2021 12 14.53763722 30 56.07 +54 50 50.4          17.6 TV#06vM900
    CK21P040  C2021 12 14.54464222 30 56.11 +54 50 46.0          17.5 TV#06vM900
    CK21P040 KC2021 12 19.42627 22 32 04.24 +54 07 26.0          17.6 Tq#06vMQ21
    CK21P040 KC2021 12 19.43153 22 32 04.43 +54 07 22.6          17.0 Tq#06vMQ21
    CK21P040 KC2021 12 20.73572 22 32 30.43 +53 56 22.6          17.2 TX#06vMK87
    CK21P040 KC2021 12 20.73940 22 32 30.49 +53 56 20.2          17.2 TX#06vMK87
    CK21P040 KC2021 12 20.74307 22 32 30.56 +53 56 18.7          17.2 TX#06vMK87
    CK21P040  C2021 12 20.78578 22 32 31.49 +53 55 57.3          17.0 TV#06vMC23
    CK21P040  C2021 12 20.79011 22 32 31.54 +53 55 54.8          17.3 TV#06vMC23
    CK21P040  C2021 12 20.79588 22 32 31.61 +53 55 52.1          17.3 TV#06vMC23
    CK21P040 KC2021 12 25.81536 22 34 41.48 +53 16 02.0          17.2 TV#06vMI81
    CK21P040 KC2021 12 25.81888 22 34 41.59 +53 16 00.3          17.2 TV#06vMI81
    CK21P040 KC2021 12 25.82238 22 34 41.69 +53 15 58.7          17.1 TV#06vMI81
    CK21P040 KC2021 12 28.78891 22 36 19.36 +52 54 26.3          16.0 TV#06vMI81
    CK21P040 KC2021 12 28.79243 22 36 19.53 +52 54 25.2          17.5 TV#06vMI81
    CK21P040 KC2021 12 28.79594 22 36 19.62 +52 54 23.0          17.7 TV#06vMI81
    CK21P040 KC2021 12 31.75186 22 38 11.86 +52 34 31.5          16.5 Tv#06vMA77
    CK21P040 KC2021 12 31.76858 22 38 12.49 +52 34 24.7          16.7 Tv#06vNA77
    CK21P040 KC2021 12 31.78528 22 38 13.16 +52 34 17.9          17.0 Tv#06vNA77
    CK21P040 KC2022 01 05.70824 22 41 51.72 +52 04 56.9          17.1 Tq#07PI215
    CK21P040 KC2022 01 05.70957 22 41 51.80 +52 04 56.4          17.2 Tq#07PI215
    CK21P040 KC2022 01 05.71090 22 41 51.88 +52 04 56.0          17.2 Tq#07PI215
    CK21P040 KC2022 01 06.80688 22 42 45.54 +51 59 02.6          18.0 TV#07PIG00
    CK21P040 KC2022 01 06.80982 22 42 45.69 +51 59 01.0          18.0 TV#07PIG00
    CK21P040 KC2022 01 06.81275 22 42 45.86 +51 59 00.3          17.9 TV#07PIG00
    CK21P040 KC2022 01 07.90164 22 43 41.11 +51 53 23.7          16.6 TV#07PII81
    CK21P040 KC2022 01 07.90516 22 43 41.36 +51 53 23.0          16.5 TV#07PII81
    CK21P040 KC2022 01 07.90867 22 43 41.52 +51 53 21.9          16.7 TV#07PII81
    CK21P040 KC2022 01 09.81666 22 45 22.95 +51 44 14.4          15.3 TV#07PII81
    CK21P040 KC2022 01 09.82016 22 45 22.78 +51 44 09.1          17.4 TV#07PII81
    CK21P040 KC2022 01 09.82368 22 45 23.02 +51 44 06.9          18.1 TV#07PII81
    CK21P040 KC2022 01 13.71455 22 49 05.66 +51 27 41.1          16.5 TX#07PIK87
    CK21P040 KC2022 01 13.71675 22 49 05.87 +51 27 40.0          16.9 TX#07PIK87
    CK21P040 KC2022 01 13.71895 22 49 05.95 +51 27 39.3          16.7 TX#07PIK87
    CK21P040  C2022 01 15.74292 22 51 10.21 +51 20 22.5          16.9 Tv#07PIA77
    CK21P040  C2022 01 15.75670 22 51 11.04 +51 20 20.1          16.7 Tv#07PIA77
    CK21P040  C2022 01 15.77047 22 51 11.87 +51 20 16.9          16.8 Tv#07PIA77
    CK21P040 KC2022 01 16.73709 22 52 13.28 +51 17 07.3          16.4 TV#07PIL63
    CK21P040 KC2022 01 16.75072 22 52 14.18 +51 17 04.1          16.2 TV#07PIL63
    CK21P040 KC2022 01 16.76399 22 52 15.03 +51 17 01.3          16.0 TV#07PIL63
    CK21P040 KC2022 01 17.77029 22 53 20.37 +51 13 55.7          17.0 TV#07PIL63
    CK21P040 KC2022 01 17.77985 22 53 21.03 +51 13 54.2          17.2 TV#07PIL63
    CK21P040 KC2022 01 17.78905 22 53 21.61 +51 13 52.7          17.0 TV#07PIL63
    CK21P040 KC2022 01 22.43655 22 58 41.52 +51 02 26.0                u#07PI367
    CK21P040 KC2022 01 22.43979 22 58 41.75 +51 02 25.6          16.2 Tu#07PI367
    CK21P040  C2022 01 24.81273 23 01 36.42 +50 58 20.7          16.9 TV#07PIC23
    CK21P040  C2022 01 24.81562 23 01 36.56 +50 58 20.6          16.9 TV#07PIC23
    CK21P040  C2022 01 24.81850 23 01 36.82 +50 58 20.5          16.9 TV#07PIC23
    CK21P040  C2022 01 28.79428 23 06 46.40 +50 54 15.0          16.7 NV#07PII72
    CK21P040  C2022 01 28.81175 23 06 47.82 +50 54 14.2          16.5 NV#07PII72
    CK21P040  C2022 01 28.83473 23 06 49.64 +50 54 13.1          16.7 NV#07PII72
    CK21P040  C2022 01 30.21281423 08 42.22 +50 53 38.5          16.71oV#07PIT08
    CK21P040  C2022 01 30.21603923 08 42.48 +50 53 38.3          16.11oV#07PIT08
    CK21P040  C2022 01 30.22388623 08 43.13 +50 53 38.5          15.94oV#07PIT08
    CK21P040  C2022 02 01.85501 23 12 24.79 +50 53 33.1          16.9 TV#07PIZ10
    CK21P040  C2022 02 01.85966 23 12 25.29 +50 53 34.8          16.8 TV#07PIZ10
    CK21P040 KC2022 02 02.42682 23 13 14.36 +50 53 46.1                S#07PID88
    CK21P040 KC2022 02 02.43014 23 13 14.61 +50 53 46.6                S#07PID88
    CK21P040 KC2022 02 02.43346 23 13 14.84 +50 53 46.9          15.7 TS#07PID88
    CK21P040  C2022 02 04.76105 23 16 40.67 +50 55 17.9          15.5 Tv#07PIA77
    CK21P040  C2022 02 04.76709 23 16 41.26 +50 55 19.3          15.0 Tv#07PIA77
    CK21P040  C2022 02 04.77311 23 16 41.72 +50 55 18.1          15.4 Tv#07PIA77
    CK21P040  C2022 02 09.21589023 23 34.75 +51 01 20.3          16.70oV#07PIT05
    CK21P040  C2022 02 09.21909023 23 35.06 +51 01 21.3          15.89oV#07PIT05
    CK21P040  C2022 02 09.22549023 23 35.69 +51 01 21.9          15.76oV#07PIT05
    CK21P040  C2022 02 09.23561723 23 36.63 +51 01 22.6          15.85oV#07PIT05
    CK21P040 KC2022 02 10.86780 23 26 15.34 +51 04 36.0          16.1 TV#07PII81
    CK21P040 KC2022 02 10.86997 23 26 15.56 +51 04 36.4          16.1 TV#07PII81
    CK21P040 KC2022 02 10.87212 23 26 15.77 +51 04 36.6          16.1 TV#07PII81
    CK21P040  C2022 02 11.81485 23 27 48.99 +51 06 44.7          16.5 TV#07PIC23
    CK21P040  C2022 02 11.81774 23 27 49.31 +51 06 44.8          16.2 TV#07PIC23
    CK21P040  C2022 02 12.81726 23 29 29.61 +51 09 13.1          16.3 TV#07PIC23
    CK21P040  C2022 02 12.82159 23 29 30.02 +51 09 13.2          16.7 TV#07PIC23
    CK21P040  C2022 02 12.82592 23 29 30.50 +51 09 14.3          16.1 TV#07PIC23
    CK21P040 KC2022 02 12.93157 23 29 41.16 +51 09 28.7          15.9 TV#07PII81
    CK21P040 KC2022 02 12.93370 23 29 41.44 +51 09 30.0          16.1 TV#07PII81
    CK21P040 KC2022 02 12.93582 23 29 41.61 +51 09 30.0          16.5 TV#07PII81
    CK21P040  C2022 02 17.21795023 37 07.97 +51 22 25.3          16.55oV#07PIT05
    CK21P040  C2022 02 17.22119923 37 08.27 +51 22 26.1          16.39oV#07PIT05
    CK21P040  C2022 02 17.22670523 37 09.00 +51 22 28.1          15.66oV#07PIT05
    CK21P040  C2022 02 17.23770523 37 10.15 +51 22 30.3          15.54oV#07PIT05
    CK21P040  C2022 02 17.80090 23 38 10.59 +51 24 25.5          16.3 NV#07PII72
    CK21P040  C2022 02 17.81439 23 38 12.11 +51 24 28.2          16.2 NV#07PII72
    CK21P040  C2022 02 17.82793 23 38 13.62 +51 24 31.0          16.1 NV#07PII72
    CK21P040 KC2022 02 17.87400 23 38 18.86 +51 24 41.1          15.6 TV#07PII81
    CK21P040 KC2022 02 17.87825 23 38 19.33 +51 24 42.8          15.7 TV#07PII81
    CK21P040 KC2022 02 17.88249 23 38 19.75 +51 24 42.2          16.0 TV#07PII81
    CK21P040 KC2022 02 23.19633 23 48 17.53 +51 46 16.5          16.0 TV#07PIC23
    CK21P040 KC2022 02 23.19783 23 48 17.62 +51 46 16.1          16.3 TV#07PIC23
    CK21P040 KC2022 02 23.20083 23 48 18.03 +51 46 18.0          16.0 TV#07PIC23
    CK21P040 KC2022 02 23.20232 23 48 18.21 +51 46 18.7          16.1 TV#07PIC23
    CK21P040  C2022 02 23.40021 23 48 40.88 +51 47 14.4          15.0 Tm#07PI349
    CK21P040  C2022 02 23.40955 23 48 41.93 +51 47 17.2                m#07PI349
    CK21P040  C2022 02 26.77391 23 55 24.68 +52 03 45.1          15.9 TV#07PIC23
    CK21P040  C2022 02 26.77823 23 55 25.17 +52 03 46.2          16.0 TV#07PIC23
    CK21P040  C2022 02 26.78401 23 55 25.91 +52 03 48.3          16.0 TV#07PIC23
    CK21P040 KC2022 02 27.43096 23 56 45.41 +52 07 12.6                u#07PI367
    CK21P040 KC2022 02 27.43299 23 56 45.68 +52 07 13.4                u#07PI367
    CK21P040 KC2022 02 27.43501 23 56 45.92 +52 07 14.0          14.8 Tu#07PI367
    CK21P040  C2022 02 28.78650 23 59 34.66 +52 14 34.3          15.8 TV#07PIC23
    CK21P040  C2022 02 28.78725 23 59 34.74 +52 14 34.5          15.9 TV#07PIC23
    CK21P040  C2022 02 28.78949 23 59 35.01 +52 14 35.1          15.7 TV#07PIC23
    CK21P040  C2022 03 02.81648 00 03 53.95 +52 26 11.0          15.3 TV#07PIC23
    CK21P040  C2022 03 02.82022 00 03 54.36 +52 26 11.9          16.3 TV#07PIC23
    CK21P040  C2022 03 02.82396 00 03 54.84 +52 26 12.9          16.0 TV#07PIC23
    CK21P040  C2022 03 03.81247 00 06 03.76 +52 32 07.3          15.7 TV#07PIG06
    CK21P040  C2022 03 03.81605 00 06 04.25 +52 32 08.1          15.6 TV#07PJG06
    CK21P040  C2022 03 03.81964 00 06 04.70 +52 32 09.2          15.7 TV#07PJG06
    CK21P040 KC2022 03 04.77427 00 08 10.98 +52 38 02.2          14.9 Tv#07PJA77
    CK21P040 KC2022 03 04.78006 00 08 11.74 +52 38 04.0          15.8 Tv#07PJA77
    CK21P040  C2022 03 04.78432 00 08 12.21 +52 38 04.4          15.9 TV#07PJK83
    CK21P040 KC2022 03 04.78527 00 08 12.41 +52 38 05.1          15.8 Tv#07PJA77
    CK21P040  C2022 03 04.78691 00 08 12.57 +52 38 05.4          15.8 TV#07PJK83
    CK21P040  C2022 03 04.79001 00 08 12.95 +52 38 06.1          16.1 TV#07PJK83
    CK21P040  C2022 03 04.79284 00 08 13.40 +52 38 08.0          15.8 TV#07PJC23
    CK21P040  C2022 03 04.79717 00 08 13.99 +52 38 09.9          15.8 TV#07PJC23
    CK21P040  C2022 03 04.80149 00 08 14.54 +52 38 11.3          15.9 TV#07PJC23
    CK21P040  C2022 03 04.82611 00 08 17.76 +52 38 20.5          16.0 TV#07PJZ10
    CK21P040  C2022 03 04.83156 00 08 18.51 +52 38 23.5          16.0 TV#07PJZ10
    CK21P040 KC2022 03 05.02737 00 08 44.85 +52 39 34.6          16.4 TV#07PJM09
    CK21P040 KC2022 03 05.03119 00 08 45.41 +52 39 34.4          15.4 TV#07PJM09
    CK21P040 KC2022 03 05.03501 00 08 46.13 +52 39 39.1          16.0 TV#07PJM09
    CK21P040 KC2022 03 06.03999 00 11 01.16 +52 45 58.6          16.2 TV#07PJM09
    CK21P040 KC2022 03 06.04381 00 11 01.63 +52 46 00.0          16.6 TV#07PJM09
    CK21P040 KC2022 03 06.04763 00 11 02.18 +52 46 01.8          15.5 TV#07PJM09
    CK21P040 KC2022 03 07.06257 00 13 20.72 +52 52 37.8          17.0 GV#07PJM09
    CK21P040 KC2022 03 07.06639 00 13 21.14 +52 52 38.0          16.4 GV#07PJM09
    CK21P040 KC2022 03 07.07021 00 13 21.68 +52 52 38.8          16.5 GV#07PJM09
    CK21P040 KC2022 03 08.12466 00 15 47.71 +52 59 39.8          15.5 TV#07PJI81
    CK21P040 KC2022 03 08.12678 00 15 48.00 +52 59 40.5          15.4 TV#07PJI81
    CK21P040 KC2022 03 08.12891 00 15 48.36 +52 59 41.3          15.5 TV#07PJI81
    CK21P040 KC2022 03 08.75497 00 17 15.72 +53 03 56.9          15.8 GV#07PJG00
    CK21P040 KC2022 03 08.75651 00 17 15.92 +53 03 57.4          16.1 GV#07PJG00
    CK21P040 KC2022 03 08.76225 00 17 16.77 +53 04 00.0          16.2 GV#07PJG00
    CK21P040 KC2022 03 09.01918100 17 53.226+53 05 44.13         15.1 rZ#08KyM09
    CK21P040 KC2022 03 09.02354500 17 53.634+53 05 45.86         15.0 rZ#08KyM09
    CK21P040 KC2022 03 09.02736300 17 54.434+53 05 47.18         15.3 rZ#08KyM09
    CK21P040 KC2022 03 11.03787400 22 42.419+53 19 50.01         15.7 rZ#08KyM09
    CK21P040 KC2022 03 11.04223600 22 43.262+53 19 53.17         15.5 rZ#08KyM09
    CK21P040 KC2022 03 11.04605100 22 43.923+53 19 54.66         15.4 rZ#08KyM09
    CK21P040  S2022 03 11.18917900 23 05.07 +53 21 00.2                L#07PJC53
    CK21P040  s2022 03 11.1891791 -  129.9084 - 7157.9152 -  280.0300   #07PJC53
    CK21P040  S2022 03 11.19334700 23 05.61 +53 21 01.7                L#07PJC53
    CK21P040  s2022 03 11.1933471 -  501.5991 - 6753.1716 + 2332.8301   #07PJC53
    CK21P040  S2022 03 11.19890500 23 06.30 +53 21 04.5                L#07PJC53
    CK21P040  s2022 03 11.1989051 -  880.9817 - 4780.8390 + 5253.1337   #07PJC53
    CK21P040 KB2022 03 12.87378 00 27 12.77 +53 33 10.7          16.3 NqEG109M18
    CK21P040 KB2022 03 12.92005 00 27 19.71 +53 33 31.0          16.4 NqEG109M18
    CK21P040 KC2022 03 16.43428 00 36 18.11 +54 00 11.4          14.9 Tq#07PJ903
    CK21P040 KC2022 03 16.43677 00 36 18.47 +54 00 12.5                q#07PJ903
    CK21P040 KC2022 03 16.43887 00 36 18.79 +54 00 13.5                q#07PJ903
    CK21P040  C2022 03 18.80143 00 42 36.69 +54 18 53.5          15.2 GV#07PJC23
    CK21P040  C2022 03 18.80576 00 42 37.43 +54 18 55.2          16.0 GV#07PJC23
    CK21P040  C2022 03 18.81008 00 42 38.14 +54 18 57.6          15.2 GV#07PJC23
    CK21P040 KC2022 03 21.78509 00 50 53.57 +54 43 11.2          15.9 GVEG109G00
    CK21P040 KC2022 03 21.78637 00 50 53.78 +54 43 12.1          15.9 GVEG109G00
    CK21P040 KC2022 03 21.78764 00 50 54.01 +54 43 12.3          16.0 GVEG109G00
    CK21P040 KC2022 03 22.78518 00 53 45.13 +54 51 31.6          15.5 GVEG109C23
    CK21P040 KC2022 03 22.78818 00 53 45.70 +54 51 32.8          15.3 GVEG109C23
    CK21P040 KC2022 03 22.78968 00 53 45.92 +54 51 33.7          15.0 GVEG109C23
    CK21P040 KC2022 03 22.79267 00 53 46.49 +54 51 35.0          14.9 GVEG109C23
    CK21P040 |C2022 03 24.10131 00 57 35.05 +55 02 32.6                VEK019H06
    CK21P040 |C2022 03 24.10310 00 57 35.36 +55 02 33.6                VEK019H06
    CK21P040 |C2022 03 24.10488 00 57 35.71 +55 02 34.3          14.3 GVEK019H06
    CK21P040 KC2022 03 24.14047 00 57 42.43 +55 02 51.1          14.9 GVEG109I81
    CK21P040 KC2022 03 24.14227 00 57 42.75 +55 02 52.0          14.9 GVEG109I81
    CK21P040 KC2022 03 24.14406 00 57 43.06 +55 02 52.7          14.8 GVEG109I81
    CK21P040 KC2022 03 24.14407 00 57 43.06 +55 02 52.7          14.8 GVEG109I81
    CK21P040  C2022 03 24.41483 00 58 30.57 +55 05 12.1          14.2 TmEG109349
    CK21P040  C2022 03 24.41828 00 58 31.16 +55 05 14.1                mEG109349
    CK21P040 KB2022 03 24.78696 00 59 36.86 +55 08 20.4          15.8 NqEG109M18
    CK21P040 KB2022 03 24.80000 00 59 39.13 +55 08 26.8          15.9 NqEG109M18
    CK21P040 KB2022 03 24.81674 00 59 42.17 +55 08 35.9          16.0 NqEG109M18
    CK21P040  C2022 03 25.83795 01 02 46.00 +55 17 15.0          14.4 RVEG109A98
    CK21P040  C2022 03 25.83943 01 02 46.35 +55 17 16.1          14.1 RVEG109A98
    CK21P040  C2022 03 25.84183 01 02 46.74 +55 17 17.3          14.9 RVEG109A98
    CK21P040  C2022 03 25.84303 01 02 46.98 +55 17 18.2          14.9 RVEG109A98
    CK21P040  C2022 03 25.84543 01 02 47.34 +55 17 18.9          15.0 RVEG109A98
    CK21P040  C2022 03 25.84782 01 02 47.77 +55 17 20.0          14.9 RVEG109A98
    CK21P040  C2022 03 25.85142 01 02 48.54 +55 17 23.0          14.9 RVEG109A98
    CK21P040  C2022 03 25.85262 01 02 48.81 +55 17 22.4          14.8 RVEG109A98
    CK21P040  C2022 03 25.85621 01 02 49.46 +55 17 25.1          14.8 RVEG109A98
    CK21P040  C2022 03 25.85741 01 02 49.54 +55 17 24.4          14.9 RVEG109A98
    CK21P040  C2022 04 03.14927 01 29 36.88 +56 28 52.3          14.7 VvEG109A77
    CK21P040  C2022 04 03.15252 01 29 37.59 +56 28 54.8          14.8 VvEG109A77
    CK21P040  C2022 04 03.15657 01 29 38.43 +56 28 57.1          14.9 VvEG109A77
    CK21P040  C2022 04 03.16062 01 29 39.27 +56 28 59.3          14.9 VvEG109A77
    CK21P040  C2022 04 03.85281 01 32 02.39 +56 34 55.2          15.1 NVEG109I72
    CK21P040  C2022 04 03.87883 01 32 08.46 +56 35 07.5          16.2 RtEG109C36
    CK21P040  C2022 04 03.88214 01 32 09.14 +56 35 09.1          15.8 RtEG109C36
    CK21P040  C2022 04 03.88379 01 32 09.52 +56 35 10.9          14.8 RtEG109C36
    CK21P040  C2022 04 03.88544 01 32 09.91 +56 35 11.7          15.9 RtEG109C36
    CK21P040  C2022 04 03.88875 01 32 10.59 +56 35 13.4          15.9 RtEG109C36
    CK21P040  C2022 04 03.89041 01 32 10.94 +56 35 14.6          16.2 RtEG109C36
    CK21P040  C2022 04 03.89206 01 32 11.25 +56 35 15.5          15.9 RtEG109C36
    CK21P040  C2022 04 03.89371 01 32 11.64 +56 35 16.0          15.6 RtEG109C36
    CK21P040  C2022 04 03.89494 01 32 11.15 +56 35 17.0          15.1 NVEG109I72
    CK21P040  C2022 04 03.91712 01 32 16.04 +56 35 29.2          15.1 NVEG109I72
    CK21P040  S2022 04 06.02195601 39 44.442+56 53 33.41               LEG109C53
    CK21P040  s2022 04 06.0219561 - 2791.3724 + 4631.4520 + 4666.2859   EG109C53
    CK21P040  S2022 04 06.02334601 39 44.687+56 53 34.98               LEG109C53
    CK21P040  s2022 04 06.0233461 - 2919.8358 + 5175.6836 + 3965.1291   EG109C53
    CK21P040  S2022 04 06.02473501 39 44.947+56 53 35.61               LEG109C53
    CK21P040  s2022 04 06.0247351 - 3002.3878 + 5638.5334 + 3201.4656   EG109C53
    CK21P040  S2022 04 06.02612501 39 45.148+56 53 36.33               LEG109C53
    CK21P040  s2022 04 06.0261251 - 3037.7286 + 6012.7194 + 2387.3303   EG109C53
    CK21P040  S2022 04 06.02751401 39 45.379+56 53 36.77               LEG109C53
    CK21P040  s2022 04 06.0275141 - 3025.3062 + 6292.3660 + 1535.5596   EG109C53
    CK21P040 KC2022 04 07.16486 01 43 55.15 +57 03 04.7          15.2 VvEG109A77
    CK21P040 KC2022 04 07.16648 01 43 55.55 +57 03 04.7          15.0 VvEG109A77
    CK21P040 KC2022 04 07.16810 01 43 55.77 +57 03 05.0          15.1 VvEG109A77
    CK21P040  C2022 04 10.08579 01 54 54.89 +57 27 08.9          15.4 GVEH004G00
    CK21P040  C2022 04 10.08655 01 54 55.12 +57 27 08.4          15.5 GVEH004G00
    CK21P040  C2022 04 10.08733 01 54 55.32 +57 27 09.0          15.5 GVEH004G00
    CK21P040  C2022 04 10.08810 01 54 55.47 +57 27 09.6          15.4 GVEH004G00
    CK21P040  C2022 04 10.08887 01 54 55.61 +57 27 10.5          15.5 GVEH004G00
    CK21P040  C2022 04 10.08964 01 54 55.81 +57 27 10.6          15.4 GVEH004G00
    CK21P040  C2022 04 10.44684 01 56 18.14 +57 30 05.9          13.2 TmEH004349
    CK21P040  C2022 04 10.45071 01 56 19.03 +57 30 07.9                mEH004349
    CK21P040  C2022 04 11.12533601 58 57.38 +57 35 30.8          14.8 VqEH004G23
    CK21P040  C2022 04 11.13243101 58 59.14 +57 35 35.9          14.7 VqEH004G23
    CK21P040  S2022 04 12.68967702 05 09.989+57 47 53.41               LEH004C53
    CK21P040  s2022 04 12.6896771 + 3679.1154 - 6115.6486 -  593.1358   EH004C53
    CK21P040  S2022 04 12.69662402 05 11.367+57 47 56.66               LEH004C53
    CK21P040  s2022 04 12.6966241 + 2632.7358 - 5556.0614 + 3651.7257   EH004C53
    CK21P040  S2022 04 12.70357102 05 12.934+57 47 59.36               LEH004C53
    CK21P040  s2022 04 12.7035711 +  586.5094 - 2886.3287 + 6505.7862   EH004C53
    CK21P040  S2022 04 12.71190802 05 14.775+57 48 03.40               LEH004C53
    CK21P040  s2022 04 12.7119081 - 2084.8866 + 1640.5544 + 6627.5930   EH004C53
    CK21P040  S2022 04 12.83335702 05 44.472+57 48 57.50               LEH004C53
    CK21P040  s2022 04 12.8333571 + 3214.3606 - 6054.8214 + 2050.9647   EH004C53
    CK21P040  C2022 04 16.81042 02 22 15.70 +58 18 02.8          13.1 TvEH030A77
    CK21P040  C2022 04 16.81488 02 22 16.86 +58 18 04.6          14.6 VvEH030A77
    CK21P040  C2022 04 16.82061 02 22 18.36 +58 18 06.0          14.6 VvEH030A77
    CK21P040  C2022 04 17.83268 02 26 40.74 +58 24 59.6          14.5 GVEH030C23
    CK21P040  C2022 04 17.83492 02 26 41.29 +58 25 00.9          14.3 GVEH030C23
    CK21P040  C2022 04 17.83717 02 26 41.84 +58 25 00.6          15.2 GVEH030C23
    CK21P040 KC2022 04 20.46270 02 38 21.45 +58 41 35.7                uEJ042367
    CK21P040 KC2022 04 20.46432 02 38 21.90 +58 41 36.4                uEJ042367
    CK21P040 KC2022 04 20.46594 02 38 22.35 +58 41 36.7          12.9 TuEJ042367
    CK21P040  C2022 04 20.83200 02 40 02.14 +58 43 45.7          14.7 GVEH030C23
    CK21P040  C2022 04 20.83799 02 40 03.80 +58 43 48.9          14.4 GVEH030C23
    CK21P040  C2022 04 20.84622 02 40 06.08 +58 43 51.7          14.4 GVEH030C23
    CK21P040 |C2022 04 22.11206 02 45 55.12 +58 50 58.0                V#087xH06
    CK21P040 |C2022 04 22.11372 02 45 55.56 +58 50 58.7          13.6 GV#087xH06
    CK21P040  C2022 04 22.42846 02 47 23.42 +58 52 40.9          12.8 TmEH122349
    CK21P040  C2022 04 22.43357 02 47 24.85 +58 52 42.5                mEH122349
    CK21P040 KC2022 04 25.80205 03 03 29.66 +59 08 30.9          15.1 GVEJ042G00
    CK21P040 KC2022 04 25.80298 03 03 29.89 +59 08 30.7          15.1 GVEJ042G00
    CK21P040 KC2022 04 25.80391 03 03 30.17 +59 08 31.2          15.1 GVEJ042G00
    CK21P040 KC2022 04 25.80483 03 03 30.42 +59 08 31.2          15.1 GVEJ042G00
    CK21P040 KC2022 04 25.80667 03 03 30.95 +59 08 31.2          15.1 GVEJ042G00
    CK21P040 KC2022 04 25.80899 03 03 31.67 +59 08 32.3          15.1 GVEJ042G00
    CK21P040  C2022 04 26.83359 03 08 33.98 +59 12 29.6          14.1 GVEH122C23
    CK21P040  C2022 04 26.83958 03 08 35.72 +59 12 30.4          14.4 GVEH122C23
    CK21P040  C2022 04 26.84557 03 08 37.53 +59 12 31.9          14.1 GVEH122C23
    CK21P040  S2022 04 29.70774403 23 03.742+59 21 06.43               LEJ042C53
    CK21P040  s2022 04 29.7077441 + 5248.2605 - 4854.7599 -  255.9579   EJ042C53
    CK21P040  S2022 04 29.71469103 23 05.617+59 21 06.79               LEJ042C53
    CK21P040  s2022 04 29.7146911 + 3939.1120 - 4472.6072 + 3939.8100   EJ042C53
    CK21P040  S2022 04 29.72163803 23 07.716+59 21 07.93               LEJ042C53
    CK21P040  s2022 04 29.7216381 + 1130.3438 - 2387.7500 + 6631.9055   EJ042C53
    CK21P040  S2022 04 29.72997503 23 10.008+59 21 08.47               LEJ042C53
    CK21P040  s2022 04 29.7299751 - 2697.1529 + 1214.3579 + 6500.6828   EJ042C53
    CK21P040  S2022 04 29.73692203 23 11.952+59 21 10.03               LEJ042C53
    CK21P040  s2022 04 29.7369221 - 4846.4205 + 3795.1209 + 3641.1939   EJ042C53
    CK21P040  C2022 04 29.80836803 23 34.06 +59 21 11.6          13.9 VqEJ042G23
    CK21P040  C2022 04 29.82114603 23 37.97 +59 21 13.8          14.2 VqEJ042G23
    CK21P040  C2022 04 29.83533603 23 42.43 +59 21 17.2          14.0 VqEJ042G23
    CK21P040  C2022 04 29.95032 03 24 18.20 +59 21 29.3          14.2 RVEJ042A98
    CK21P040  C2022 04 29.95280 03 24 19.02 +59 21 30.4          14.3 RVEJ042A98
    CK21P040  C2022 04 29.95445 03 24 19.52 +59 21 30.6          14.0 RVEJ042A98
    CK21P040  C2022 04 29.95610 03 24 19.95 +59 21 30.4          14.2 RVEJ042A98
    CK21P040  C2022 04 29.95775 03 24 20.52 +59 21 31.9          14.6 RVEJ042A98
    CK21P040  C2022 04 29.95941 03 24 21.08 +59 21 30.9          14.1 RVEJ042A98
    CK21P040  C2022 04 29.96106 03 24 21.64 +59 21 31.2          14.1 RVEJ042A98
    CK21P040  C2022 04 30.79983803 28 41.30 +59 23 10.8          14.2 VqEJ042G23
    CK21P040  C2022 04 30.81545103 28 46.17 +59 23 11.7          14.0 VqEJ042G23
    CK21P040 KC2022 04 30.82701 03 28 49.81 +59 23 13.5          14.9 VvEJ042A77
    CK21P040 KC2022 04 30.82944 03 28 50.54 +59 23 14.8          14.9 VvEJ042A77
    CK21P040 KC2022 04 30.83187 03 28 51.33 +59 23 14.8          12.9 TvEJ042A77
    CK21P040  C2022 04 30.83250003 28 51.54 +59 23 13.5          13.9 VqEJ042G23
    CK21P040  C2022 05 02.82183 03 39 18.19 +59 25 32.5          14.8 GVEJ042G00
    CK21P040  C2022 05 02.82260 03 39 18.35 +59 25 32.7          14.9 GVEJ042G00
    CK21P040  C2022 05 02.82338 03 39 18.63 +59 25 32.6          14.9 GVEJ042G00
    CK21P040  C2022 05 02.82414 03 39 18.92 +59 25 32.6          14.8 GVEJ042G00
    CK21P040  C2022 05 02.82492 03 39 19.18 +59 25 32.6          14.9 GVEJ042G00
    CK21P040  C2022 05 02.82569 03 39 19.42 +59 25 32.6          14.8 GVEJ042G00
    CK21P040  C2022 05 02.82646 03 39 19.65 +59 25 32.9          14.8 GVEJ042G00
    CK21P040  C2022 05 02.82723 03 39 19.85 +59 25 32.5          14.9 GVEJ042G00
    CK21P040  C2022 05 02.82801 03 39 20.13 +59 25 32.5          14.9 GVEJ042G00
    CK21P040  C2022 05 02.84036 03 39 24.08 +59 25 34.4          14.8 GVEJ042C23
    CK21P040  C2022 05 02.84336 03 39 25.05 +59 25 35.3          14.2 GVEJ042C23
    CK21P040  C2022 05 02.84635 03 39 25.97 +59 25 34.5          14.5 GVEJ042C23
    CK21P040 KC2022 05 03.44070 03 42 35.72 +59 25 51.4                SEK019D88
    CK21P040 KC2022 05 03.44403 03 42 36.78 +59 25 51.6                SEK019D88
    CK21P040 KC2022 05 03.44734 03 42 37.85 +59 25 51.2          13.9 TSEK019D88
    CK21P040  C2022 05 04.46791 03 48 06.40 +59 25 48.7                mEK019349
    CK21P040  C2022 05 04.47190 03 48 07.65 +59 25 48.6                mEK019349
    CK21P040  C2022 05 04.47583 03 48 08.98 +59 25 48.2          12.3 TmEK019349
    CK21P040  C2022 05 06.84277 04 01 02.47 +59 23 14.3          14.9 GVEK019C23
    CK21P040  C2022 05 06.84502 04 01 03.30 +59 23 14.5          14.1 GVEK019C23
    CK21P040  C2022 05 06.84726 04 01 04.00 +59 23 13.5          14.8 GVEK019C23
    CK21P040 KC2022 05 06.96924 04 01 44.486+59 22 58.55         14.2 GVEK019I81
    CK21P040 KC2022 05 06.97031 04 01 44.844+59 22 58.48         14.2 GVEK019I81
    CK21P040 KC2022 05 06.97139 04 01 45.202+59 22 58.30         14.2 GVEK019I81
    CK21P040 KC2022 05 06.97578 04 01 46.651+59 22 57.72         14.3 GVEK019I81
    CK21P040  C2022 05 08.84623 04 12 08.64 +59 18 12.5          15.1 GVEK019C23
    CK21P040  C2022 05 08.85147 04 12 10.34 +59 18 11.9          14.0 GVEK019C23
    CK21P040  C2022 05 08.85821 04 12 12.65 +59 18 09.6          15.0 GVEK019C23
    CK21P040 2C2022 05 08.86679 04 12 15.358+59 18 08.60         14.1 Rq#087xG40
    CK21P040 2C2022 05 08.87368 04 12 17.626+59 18 07.09         13.8 Rq#087xG40
    CK21P040 2C2022 05 08.88063 04 12 19.966+59 18 06.16         14.0 Rq#087xG40
    CK21P040 KB2022 05 08.89525 04 12 25.10 +59 18 02.7          15.3 NqEK019M18
    CK21P040 KB2022 05 08.90639 04 12 28.83 +59 18 00.8          15.2 NqEK019M18
    CK21P040 KB2022 05 08.91762 04 12 32.62 +59 17 58.5          15.3 NqEK019M18
    CK21P040 KC2022 05 09.95466 04 18 20.995+59 14 12.98         14.1 GVEK019I81
    CK21P040 KC2022 05 09.95682 04 18 21.754+59 14 12.19         14.1 GVEK019I81
    CK21P040 KC2022 05 09.95898 04 18 22.438+59 14 11.72         14.1 GVEK019I81
    CK21P040  C2022 05 10.05247 04 18 54.21 +59 13 49.3          14.9 GVEK019G00
    CK21P040  C2022 05 10.05359 04 18 54.64 +59 13 49.2          14.8 GVEK019G00
    CK21P040  C2022 05 10.05471 04 18 55.05 +59 13 48.6          14.7 GVEK019G00
    CK21P040  C2022 05 10.05583 04 18 55.41 +59 13 48.1          14.7 GVEK019G00
    CK21P040  C2022 05 10.48554 04 21 20.02 +59 12 02.2          12.2 Tm#087x349
    CK21P040  C2022 05 10.49117 04 21 21.89 +59 12 01.1                m#087x349
    CK21P040 KC2022 05 11.84331 04 29 00.55 +59 05 23.8          14.8 GVEK019G00
    CK21P040 KC2022 05 11.84563 04 29 01.31 +59 05 23.0          15.2 GVEK019G00
    CK21P040 KC2022 05 11.84794 04 29 02.16 +59 05 22.3          15.4 GVEK019G00
    CK21P040 KC2022 05 11.85204 04 29 03.54 +59 05 21.1          14.7 GVEK019G00
    CK21P040  C2022 05 12.85700 04 34 46.12 +58 59 34.4          14.3 GVEK019C23
    CK21P040  C2022 05 12.86298 04 34 48.17 +58 59 32.0          14.3 GVEK019C23
    CK21P040  C2022 05 12.86822 04 34 50.00 +58 59 30.1          14.2 GVEK019C23
    CK21P040  C2022 05 13.81496504 40 13.95 +58 53 18.6          13.4 VqEK019G23
    CK21P040  C2022 05 13.83482604 40 20.83 +58 53 10.7          13.5 VqEK019G23
    CK21P040  C2022 05 13.85610004 40 28.02 +58 53 01.0          13.7 VqEK019G23
    CK21P040  C2022 05 14.86487 04 46 14.19 +58 45 38.4          14.3 GVEK019C23
    CK21P040  C2022 05 14.87086 04 46 16.26 +58 45 36.2          13.8 GVEK019C23
    CK21P040  C2022 05 14.87685 04 46 18.29 +58 45 31.9          14.7 GVEK019C23
    CK21P040 KB2022 05 15.87130 04 52 00.33 +58 37 26.4          15.0 NqEK019M18
    CK21P040 KB2022 05 15.87721 04 52 02.42 +58 37 23.9          15.0 NqEK019M18
    CK21P040  C2022 05 16.86247 04 57 41.69 +58 28 33.7          14.1 GVEK019C23
    CK21P040  C2022 05 16.86696 04 57 43.26 +58 28 31.5          14.2 GVEK019C23
    CK21P040  C2022 05 16.87220 04 57 45.06 +58 28 28.1          14.2 GVEK019C23
    CK21P040  C2022 05 17.84436 05 03 19.98 +58 18 56.5          14.9 VvEK019A77
    CK21P040  C2022 05 17.84922 05 03 21.73 +58 18 53.5          14.9 VvEK019A77
    CK21P040  C2022 05 17.85409 05 03 23.46 +58 18 50.8          14.8 VvEK019A77
    CK21P040 KC2022 05 18.47335 05 06 56.82 +58 12 23.3                qEK019903
    CK21P040 KC2022 05 18.47790 05 06 58.42 +58 12 19.9                qEK019903
    CK21P040 KC2022 05 18.48226 05 06 59.86 +58 12 16.5                u#087x367
    CK21P040 KC2022 05 18.48388 05 07 00.43 +58 12 15.6                u#087x367
    CK21P040 KC2022 05 18.48467 05 07 00.79 +58 12 15.5          13.7 TqEK019903
    CK21P040 KC2022 05 18.48550 05 07 00.98 +58 12 14.8          11.5 Tu#087x367
    CK21P040  C2022 05 18.82275505 08 57.43 +58 08 35.0          13.8 VqEK019G23
    CK21P040  C2022 05 18.84403905 09 04.71 +58 08 20.5          13.7 VqEK019G23
    CK21P040 KC2022 05 18.84995 05 09 06.58 +58 08 14.3          15.2 GV#087xG00
    CK21P040 KC2022 05 18.85261 05 09 07.56 +58 08 13.0          15.2 GV#087yG00
    CK21P040 KC2022 05 18.85527 05 09 08.46 +58 08 11.0          15.1 GV#087yG00
    CK21P040 KC2022 05 18.85814 05 09 09.41 +58 08 08.7          14.9 GV#087yG00
    CK21P040  C2022 05 18.86390005 09 11.60 +58 08 07.2          13.9 VqEK019G23
    CK21P040 KB2022 05 18.89988 05 09 23.90 +58 07 42.9          14.8 Nq#087yM18
    CK21P040 KB2022 05 18.90909 05 09 27.16 +58 07 35.7          14.9 Nq#087yM18
    CK21P040 KB2022 05 18.91870 05 09 30.18 +58 07 25.7          14.7 Nq#087yM18
    CK21P040  S2022 05 19.02804505 10 09.047+58 06 26.60               L#087yC53
    CK21P040  s2022 05 19.0280451 + 6458.9502 - 3004.1831 +  598.7275   #087yC53
    CK21P040  S2022 05 19.02908705 10 09.407+58 06 24.98               L#087yC53
    CK21P040  s2022 05 19.0290871 + 6337.7724 - 3056.0079 + 1258.3804   #087yC53
    CK21P040  S2022 05 19.03012905 10 09.742+58 06 23.13               L#087yC53
    CK21P040  s2022 05 19.0301291 + 6160.4924 - 3080.7794 + 1906.8652   #087yC53
    CK21P040  S2022 05 19.03117105 10 10.052+58 06 21.47               L#087yC53
    CK21P040  s2022 05 19.0311711 + 5928.6747 - 3078.2768 + 2538.4246   #087yC53
    CK21P040  S2022 05 19.03638205 10 11.846+58 06 17.64               L#087yC53
    CK21P040  s2022 05 19.0363821 + 4039.3612 - 2665.9529 + 5254.3369   #087yC53
    CK21P040  C2022 05 19.82275505 14 41.70 +57 57 07.2          13.4 Vq#087yG23
    CK21P040  C2022 05 19.84261605 14 48.60 +57 56 52.9          13.9 Vq#087yG23
    CK21P040  C2022 05 19.85348 05 14 52.26 +57 56 43.8          15.7 Vq#087yA77
    CK21P040  C2022 05 19.85673 05 14 53.40 +57 56 41.2          16.1 Vq#087yA77
    CK21P040  C2022 05 19.86078 05 14 54.77 +57 56 37.8          16.0 Vq#087yA77
    CK21P040  C2022 05 19.86388905 14 55.88 +57 56 38.0          13.8 Vq#087yG23
    CK21P040  S2022 05 21.33373905 23 21.295+57 38 15.51               L#087yC53
    CK21P040  s2022 05 21.3337391 + 5760.5138 - 2825.7500 + 3145.6265   #087yC53
    CK21P040  S2022 05 21.33790805 23 22.907+57 38 12.88               L#087yC53
    CK21P040  s2022 05 21.3379081 + 4142.4728 - 2507.0649 + 5252.9942   #087yC53
    CK21P040  S2022 05 21.34416105 23 25.021+57 38 06.37               L#087yC53
    CK21P040  s2022 05 21.3441611 +  723.3970 - 1399.5148 + 6969.0994   #087yC53
    CK21P040  S2022 05 21.34832905 23 26.449+57 38 04.00               L#087yC53
    CK21P040  s2022 05 21.3483291 - 1752.5314 -  392.4626 + 6918.7343   #087yC53
    CK21P040  S2022 05 21.35249805 23 27.699+57 38 00.62               L#087yC53
    CK21P040  s2022 05 21.3524981 - 3984.4366 +  669.2656 + 5902.3703   #087yC53
    CK21P040  C2022 05 21.87501205 26 26.53 +57 30 52.2          13.9 NU#087yL06
    CK21P040  C2022 05 21.87553205 26 26.65 +57 30 52.1          14.1 NU#087yL06
    CK21P040  C2022 05 21.87606505 26 26.78 +57 30 51.8          14.2 NU#087yL06
    CK21P040 KC2022 05 21.88802 05 26 30.97 +57 30 40.1          15.0 GV#087yG00
    CK21P040 KC2022 05 21.88887 05 26 31.26 +57 30 39.0          15.0 GV#087yG00
    CK21P040 KC2022 05 21.88971 05 26 31.55 +57 30 38.5          14.6 GV#087yG00
    CK21P040 KC2022 05 21.89056 05 26 31.82 +57 30 37.7          14.6 GV#087yG00
    CK21P040 KC2022 05 21.89140 05 26 32.13 +57 30 36.9          14.5 GV#087yG00
    CK21P040 KC2022 05 22.84791 05 31 59.23 +57 17 07.3          14.9 GV#087yG00
    CK21P040 KC2022 05 22.85099 05 32 00.26 +57 17 04.7          14.9 GV#087yG00
    CK21P040 KC2022 05 22.85407 05 32 01.27 +57 17 01.7          14.9 GV#087yG00
    CK21P040 KC2022 05 22.86062 05 32 03.59 +57 16 55.8          15.6 GV#087yG00
    CK21P040 KC2022 05 22.86649 05 32 05.54 +57 16 50.7          15.0 GV#087yG00
    CK21P040 KC2022 05 22.87236 05 32 07.54 +57 16 45.8          15.1 GV#087yG00
    CK21P040  C2022 05 24.46188 05 41 08.39 +56 52 30.9          11.9 Tm#087y349
    CK21P040  C2022 05 24.46524 05 41 09.56 +56 52 27.8                m#087y349
    CK21P040 KC2022 05 24.52099 05 41 28.53 +56 51 33.7                q#087y903
    CK21P040 KC2022 05 24.52443 05 41 29.67 +56 51 30.6                q#087y903
    CK21P040 KC2022 05 24.52796 05 41 30.85 +56 51 27.2          13.1 Tq#087y903
    CK21P040  S2022 05 24.75074105 42 47.004+56 47 55.67               L#087yC53
    CK21P040  s2022 05 24.7507411 + 6035.7581 - 2489.9019 + 2905.8383   #087yC53
    CK21P040  S2022 05 24.75491005 42 48.300+56 47 51.83               L#087yC53
    CK21P040  s2022 05 24.7549101 + 4476.4599 - 2300.3615 + 5071.9474   #087yC53
    CK21P040  S2022 05 24.76012105 42 50.054+56 47 46.41               L#087yC53
    CK21P040  s2022 05 24.7601211 + 1681.7871 - 1618.7883 + 6753.7596   #087yC53
    CK21P040  S2022 05 24.76533105 42 51.685+56 47 41.35               L#087yC53
    CK21P040  s2022 05 24.7653311 - 1477.1360 -  586.7932 + 6970.2700   #087yC53
    CK21P040  S2022 05 24.76950005 42 52.968+56 47 37.72               L#087yC53
    CK21P040  s2022 05 24.7695001 - 3806.1792 +  342.1935 + 6047.3436   #087yC53
    CK21P040  C2022 05 24.86793 05 43 25.94 +56 45 56.5          14.4 GV#087yC23
    CK21P040  C2022 05 24.87241 05 43 27.51 +56 45 52.1          14.1 GV#087yC23
    CK21P040  C2022 05 24.87843 05 43 29.57 +56 45 46.3          14.1 GV#087yC23
    CK21P040 KC2022 05 25.83984 05 48 53.99 +56 29 37.3          14.6 GV#087yG00
    CK21P040 KC2022 05 25.84111 05 48 54.43 +56 29 35.8          15.0 GV#087yG00
    CK21P040 KC2022 05 25.84239 05 48 54.87 +56 29 35.0          14.7 GV#087yG00
    CK21P040 KC2022 05 25.84366 05 48 55.29 +56 29 33.7          14.6 GV#087yG00
    CK21P040  C2022 05 25.89538 05 49 12.81 +56 28 40.2          13.9 Vv#087yA77
    CK21P040  C2022 05 25.90268 05 49 15.32 +56 28 33.0          13.9 Vv#087yA77
    CK21P040  C2022 05 25.90916 05 49 17.57 +56 28 26.2          12.2 Tv#087yA77
    CK21P040  S2022 05 27.33164405 57 14.347+56 03 01.17               L#087yC53
    CK21P040  s2022 05 27.3316441 + 6022.5339 - 2225.0718 + 3140.5501   #087yC53
    CK21P040  S2022 05 27.34102405 57 17.545+56 02 52.00               L#087yC53
    CK21P040  s2022 05 27.3410241 + 1508.3780 - 1484.8750 + 6826.3688   #087yC53
    CK21P040  S2022 05 27.34415005 57 18.533+56 02 47.90               L#087yC53
    CK21P040  s2022 05 27.3441501 -  417.7166 -  965.4536 + 7070.8543   #087yC53
    CK21P040  S2022 05 27.53803305 58 23.472+55 59 10.91               L#087yC53
    CK21P040  s2022 05 27.5380331 + 6673.7885 - 2125.0561 + 1430.7111   #087yC53
    CK21P040  S2022 05 27.54220205 58 24.753+55 59 06.73               L#087yC53
    CK21P040  s2022 05 27.5422021 + 5590.5785 - 2190.5569 + 3876.3581   #087yC53
    CK21P040  S2022 05 27.54741205 58 26.368+55 59 01.75               L#087yC53
    CK21P040  s2022 05 27.5474121 + 3165.6306 - 1844.6774 + 6135.7596   #087yC53
    CK21P040  S2022 05 27.55158105 58 27.587+55 58 57.25               L#087yC53
    CK21P040  s2022 05 27.5515811 +  700.4711 - 1273.5254 + 6998.4619   #087yC53
    CK21P040 KB2022 05 27.87317 06 00 14.09 +55 52 47.8          14.9 Nq#087yM18
    CK21P040 KB2022 05 27.88254 06 00 17.24 +55 52 37.0          14.9 Nq#087yM18
    CK21P040  C2022 05 27.88703 06 00 18.64 +55 52 31.4          14.4 GV#087yC23
    CK21P040  C2022 05 27.88853 06 00 19.19 +55 52 30.1          14.0 GV#087yC23
    CK21P040  C2022 05 27.89077 06 00 19.87 +55 52 26.7          14.7 GV#087yC23
    CK21P040 KB2022 05 27.89180 06 00 20.36 +55 52 26.8          15.0 Nq#087yM18
    CK21P040  C2022 05 27.95410 06 00 40.997+55 51 13.93         13.9 GV#087y970
    CK21P040  C2022 05 27.96571 06 00 44.839+55 50 59.78         13.9 GV#087y970
    CK21P040 KC2022 05 28.46821 06 03 31.082+55 41 19.14         12.8 Vq#087yQ21
    CK21P040 KC2022 05 28.47345 06 03 32.832+55 41 13.13         12.9 Vq#087yQ21
    CK21P040  S2022 05 29.35423706 08 24.375+55 23 39.83               L#087yC53
    CK21P040  s2022 05 29.3542371 + 6083.2907 - 2017.3573 + 3165.0757   #087yC53
    CK21P040  S2022 05 29.35840506 08 25.532+55 23 36.18               L#087yC53
    CK21P040  s2022 05 29.3584051 + 4432.3434 - 1920.4545 + 5267.5708   #087yC53
    CK21P040  S2022 05 29.36361606 08 27.051+55 23 29.93               L#087yC53
    CK21P040  s2022 05 29.3636161 + 1534.0105 - 1427.4245 + 6833.7879   #087yC53
    CK21P040  S2022 05 29.36986906 08 28.887+55 23 22.95               L#087yC53
    CK21P040  s2022 05 29.3698691 - 2320.2208 -  442.7890 + 6750.6241   #087yC53
    CK21P040  S2022 05 29.37299506 08 29.888+55 23 19.81               L#087yC53
    CK21P040  s2022 05 29.3729951 - 4048.8067 +  122.6417 + 5897.9981   #087yC53
    CK21P040 KC2022 05 30.84389 06 16 29.27 +54 52 18.5          14.3 GV#087yG00
    CK21P040 KC2022 05 30.84517 06 16 29.70 +54 52 17.0          14.3 GV#087zG00
    CK21P040 KC2022 05 30.84644 06 16 30.11 +54 52 14.7          14.7 GV#087zG00
    CK21P040 KC2022 05 30.84771 06 16 30.51 +54 52 13.1          14.3 GV#087zG00
    CK21P040 KC2022 05 30.84899 06 16 30.94 +54 52 11.5          14.3 GV#087zG00
    CK21P040 KC2022 05 30.85162 06 16 31.82 +54 52 08.2          14.8 GV#087zG00
    CK21P040 KC2022 05 30.85498 06 16 32.89 +54 52 03.6          14.7 GV#087zG00
    CK21P040  C2022 05 31.83386606 21 48.92 +54 30 25.6          13.2 Vq#087zG23
    CK21P040  C2022 05 31.84378506 21 51.86 +54 30 12.2          13.2 Vq#087zG23
    CK21P040  C2022 05 31.85370406 21 55.21 +54 29 58.6          13.4 Vq#087zG23
    CK21P040  C2022 05 31.86425 06 21 58.51 +54 29 43.8          14.0 Vv#087zA77
    CK21P040  C2022 05 31.87074 06 22 00.63 +54 29 34.1          13.9 Vv#087zA77
    CK21P040  C2022 05 31.87641 06 22 02.47 +54 29 26.8          13.9 Vv#087zA77
    CK21P040 KC2022 06 01.86102 06 27 17.02 +54 06 47.6          13.3 GV#087zG18
    CK21P040  C2022 06 01.87884 06 27 22.71 +54 06 22.3          14.3 GV#087zC23
    CK21P040  C2022 06 01.88227 06 27 23.80 +54 06 17.3          14.0 GV#087zC23
    CK21P040  C2022 06 01.88541 06 27 24.79 +54 06 12.6          14.3 GV#087zC23
    CK21P040 KC2022 06 01.88651 06 27 25.13 +54 06 11.3          13.5 GV#087zG18
    CK21P040 KC2022 06 02.45668 06 30 25.78 +53 52 41.5                S#087zD88
    CK21P040 KC2022 06 02.45862 06 30 26.40 +53 52 38.9                S#087zD88
    CK21P040 KC2022 06 02.46056 06 30 27.00 +53 52 35.9          13.0 TS#087zD88
    CK21P040  C2022 06 03.86899 06 37 48.86 +53 17 56.9          14.0 Vv#087zA77
    CK21P040  C2022 06 03.87466 06 37 50.53 +53 17 48.4          14.0 Vv#087zA77
    CK21P040  C2022 06 03.88034 06 37 52.32 +53 17 39.4          12.4 Tv#087zA77
    CK21P040  C2022 06 03.92918 06 38 07.82 +53 16 25.4          13.8 Rq#087zA98
    CK21P040  C2022 06 03.92991 06 38 08.06 +53 16 24.0          14.0 Rq#087zA98
    CK21P040  C2022 06 03.93065 06 38 08.18 +53 16 22.4          13.6 Rq#087zA98
    CK21P040  C2022 06 06.84225706 52 58.32 +51 59 19.6          13.0 Vq#087zG23
    CK21P040  C2022 06 06.85218706 53 01.23 +51 59 03.2          13.3 Vq#087zG23
    CK21P040  C2022 06 06.86211806 53 04.23 +51 58 46.7          13.5 Vq#087zG23
    CK21P040  C2022 06 07.90795 06 58 16.06 +51 29 20.1          14.9 GV#087zZ10
    CK21P040  C2022 06 07.91325 06 58 17.60 +51 29 10.2          14.9 GV#087zZ10
    CK21P040  C2022 06 07.91927 06 58 19.36 +51 29 00.3          14.8 GV#087zZ10
    CK21P040  C2022 06 08.86499 07 02 57.95 +51 01 37.7          13.6 Vv#087zA77
    CK21P040  C2022 06 08.87228 07 03 00.11 +51 01 24.5          13.7 Vv#087zA77
    CK21P040  C2022 06 08.88038 07 03 02.45 +51 01 10.5          13.7 Vv#087zA77
    CK21P040  C2022 06 11.95023 07 17 42.05 +49 27 19.8          14.0 Rq#087zA98
    CK21P040  C2022 06 11.95140 07 17 42.45 +49 27 17.9          13.8 Rq#087zA98
    CK21P040  C2022 06 11.95256 07 17 42.88 +49 27 15.7          14.0 Rq#087zA98
    CK21P040  C2022 06 11.95295 07 17 42.97 +49 27 15.1          13.9 Rq#087zA98
    CK21P040  C2022 06 11.95528 07 17 43.64 +49 27 10.7          13.6 Rq#087zA98
    CK21P040  C2022 06 12.47972 07 20 09.77 +49 10 27.5          11.6 Tm#087z349
    CK21P040  C2022 06 12.48365 07 20 10.87 +49 10 19.8                m#087z349
    CK21P040 KC2022 06 14.85293 07 30 58.91 +47 52 03.0          13.7 GV#087zG00
    CK21P040 KC2022 06 14.85448 07 30 59.32 +47 51 59.8          13.7 GV#087zG00
    CK21P040 KC2022 06 14.85603 07 30 59.77 +47 51 57.0          13.7 GV#087zG00
    CK21P040 KC2022 06 14.85758 07 31 00.16 +47 51 53.9          13.7 GV#087zG00
    CK21P040 KC2022 06 14.85936 07 31 00.65 +47 51 50.2          13.7 GV#087zG00
    CK21P040 KC2022 06 14.86106 07 31 01.12 +47 51 46.7          13.6 GV#087zG00
    CK21P040 KC2022 06 14.86233 07 31 01.41 +47 51 43.7          13.8 GV#087zG00
    CK21P040 KC2022 06 14.86445 07 31 02.01 +47 51 39.6          13.7 GV#087zG00
    CK21P040 KC2022 06 14.86615 07 31 02.46 +47 51 36.0          14.1 GV#087zG00
    CK21P040 KC2022 06 15.84840 07 35 24.45 +47 17 58.4          13.7 GV#087zG00
    CK21P040 KC2022 06 15.84992 07 35 24.88 +47 17 55.4          13.8 GV#087zG00
    CK21P040 KC2022 06 15.85145 07 35 25.29 +47 17 51.8          13.7 GV#087zG00
    CK21P040 KC2022 06 15.85300 07 35 25.71 +47 17 48.8          13.7 GV#087zG00
    CK21P040 KC2022 06 15.85459 07 35 26.12 +47 17 45.2          13.7 GV#087zG00
    CK21P040 KC2022 06 15.85597 07 35 26.50 +47 17 42.8          13.7 GV#087zG00
    CK21P040 KC2022 06 15.85736 07 35 26.84 +47 17 39.7          13.7 GV#087zG00
    CK21P040 KC2022 06 15.85875 07 35 27.20 +47 17 36.8          13.8 GV#087zG00
    CK21P040 KC2022 06 15.86014 07 35 27.61 +47 17 33.9          13.7 GV#087zG00
    CK21P040 KC2022 06 15.86153 07 35 27.97 +47 17 31.1          13.7 GV#087zG00
    CK21P040  S2022 06 16.83314307 39 43.977+46 43 35.67               L#087zC53
    CK21P040  s2022 06 16.8331431 + 7018.0762 +  268.5731 + 1370.0605   #087zC53
    CK21P040  S2022 06 16.83835407 39 45.292+46 43 25.79               L#087zC53
    CK21P040  s2022 06 16.8383541 + 5663.1347 -  267.2032 + 4364.3537   #087zC53
    CK21P040  S2022 06 16.84356507 39 46.634+46 43 15.20               L#087zC53
    CK21P040  s2022 06 16.8435651 + 3082.9157 -  745.2317 + 6412.3203   #087zC53
    CK21P040  S2022 06 16.84877607 39 47.891+46 43 03.74               L#087zC53
    CK21P040  s2022 06 16.8487761 -  162.9660 - 1062.4216 + 7072.7561   #087zC53
    CK21P040  S2022 06 16.85398707 39 49.116+46 42 53.61               L#087zC53
    CK21P040  s2022 06 16.8539871 - 3373.7514 - 1150.5222 + 6204.2839   #087zC53
    CK21P040  C2022 06 18.50955 07 46 55.05 +45 43 30.2          11.9 Tq#087z903
    CK21P040  C2022 06 18.51206 07 46 55.66 +45 43 24.1                q#087z903
    CK21P040  C2022 06 18.51457 07 46 56.29 +45 43 18.4                q#087z903
    CK21P040 WC2022 06 19.15115 07 49 37.37 +45 20 01.3          13.6 GV#087zH06
    CK21P040 WC2022 06 19.15201 07 49 37.48 +45 19 58.7          13.6 GV#087zH06
    CK21P040 WC2022 06 19.15287 07 49 37.70 +45 19 56.6          13.6 GV#087zH06
    CK21P040 WC2022 06 19.15457 07 49 38.23 +45 19 53.3          13.9 GV#087zH06
    CK21P040 KC2022 06 19.85042 07 52 32.51 +44 54 06.9          13.9 GV#087zG00
    CK21P040 KC2022 06 19.85180 07 52 32.85 +44 54 03.5          13.9 GV#087zG00
    CK21P040 KC2022 06 19.85318 07 52 33.17 +44 54 00.7          13.7 GV#087zG00
    CK21P040 KC2022 06 19.85456 07 52 33.57 +44 53 57.3          13.8 GV#087zG00
    CK21P040 KC2022 06 19.85594 07 52 33.89 +44 53 54.3          13.7 GV#087zG00
    CK21P040 KC2022 06 19.85733 07 52 34.28 +44 53 51.5          13.8 GV#087zG00
    CK21P040 KC2022 06 19.85944 07 52 35.10 +44 53 47.3          13.9 GV#087zG00
    CK21P040 KC2022 06 19.86198 07 52 35.59 +44 53 40.4          13.8 GV#087zG00
    CK21P040 KC2022 06 21.48656 07 59 14.80 +43 52 20.6                u#087z367
    CK21P040 KC2022 06 21.48778 07 59 15.08 +43 52 17.6                u#087z367
    CK21P040 KC2022 06 21.48899 07 59 15.39 +43 52 14.9          10.8 Tu#087z367
    CK21P040 KB2022 06 21.89267 08 00 53.22 +43 36 44.4          14.0 Nq#087zM18
    CK21P040 KB2022 06 21.89996 08 00 55.00 +43 36 27.4          13.9 Nq#087zM18
    CK21P040 KB2022 06 21.90893 08 00 57.18 +43 36 06.7          14.0 Nq#087zM18
    CK21P040 KB2022 06 21.91532 08 00 58.73 +43 35 51.9          14.1 Nq#087zM18
    CK21P040 IC2022 06 23.84985008 08 38.16 +42 20 15.9          12.8 Vq#087zG23
    CK21P040  C2022 06 23.86464108 08 41.79 +42 19 41.4          12.8 Vq#087zG23
    CK21P040  C2022 06 23.87598408 08 44.46 +42 19 14.6          12.7 Vq#087zG23
    CK21P040  C2022 06 24.86453 08 12 33.68 +41 39 45.1          13.5 Vv#087zA77
    CK21P040  C2022 06 24.86870 08 12 34.54 +41 39 34.0          13.6 Vv#087zA77
    CK21P040  C2022 06 24.87333 08 12 35.67 +41 39 24.2          13.5 Vv#087zA77
    CK21P040  C2022 06 24.87749 08 12 36.61 +41 39 13.4          11.9 Tv#087zA77
    CK21P040 KC2022 06 25.86046 08 16 21.20 +40 59 26.8          13.6 GV#087zG00
    CK21P040 KC2022 06 25.86325 08 16 21.88 +40 59 19.8          13.6 GV#087zG00
    CK21P040 KC2022 06 25.86480 08 16 22.20 +40 59 16.0          13.5 GV#087zG00
    CK21P040 KC2022 06 25.86634 08 16 22.59 +40 59 12.6          13.7 GV#087zG00
    CK21P040 KC2022 06 25.86790 08 16 22.91 +40 59 08.4          13.5 GV#087zG00
    CK21P040 2C2022 06 25.88709 08 16 27.300+40 58 25.07         12.5 GV#087zG40
    CK21P040 2C2022 06 25.89333 08 16 28.687+40 58 09.73         12.6 GV#0880G40
    CK21P040 2C2022 06 25.89801 08 16 29.758+40 57 58.79         12.6 GV#0880G40
    CK21P040  C2022 06 26.45639 08 18 35.64 +40 35 06.9                m#0880349
    CK21P040  C2022 06 26.45866 08 18 36.17 +40 35 01.3                m#0880349
    CK21P040  C2022 06 26.47929 08 18 40.79 +40 34 10.1                m#0880349
    CK21P040  C2022 06 26.48135 08 18 41.26 +40 34 04.9          11.1 Tm#0880349
    CK21P040 KC2022 07 02.85520 08 41 23.67 +36 02 48.6          13.3 GV#0880G00
    CK21P040 KC2022 07 02.85677 08 41 23.97 +36 02 44.4          13.3 GV#0880G00
    CK21P040 KC2022 07 02.85832 08 41 24.34 +36 02 40.5          13.3 GV#0880G00
    CK21P040 KC2022 07 02.86009 08 41 24.63 +36 02 35.3          13.4 GV#0880G00
    CK21P040 KC2022 07 02.86187 08 41 24.97 +36 02 30.6          13.4 GV#0880G00
    CK21P040  C2022 07 04.48278 08 46 50.68 +34 50 47.1          10.9 Tm#0880349
    CK21P040  C2022 07 04.48454 08 46 51.01 +34 50 42.1                m#0880349
    CK21P040  C2022 07 20.44850 09 34 08.79 +22 23 18.9          10.5 Tm#08Ky349
    CK21P040  C2022 07 20.44970 09 34 09.01 +22 23 16.0                m#08Ky349
    CK21P040  C2022 07 22.44987 09 39 25.81 +20 46 13.5                m#08Ky349
    CK21P040  C2022 07 22.45316 09 39 26.30 +20 46 03.6          10.4 Tm#08Ky349
